0 1
0 795
1 2
1 9
1 10
1 361
1 403
1 404
1 804
2 3
2 429
2 430
2 511
3 4
3 487
3 511
3 963
4 5
4 486
4 511
5 6
5 510
6 7
6 14
6 17
6 509
7 8
7 539
7 1013
8 21
9 359
9 800
10 11
10 487
10 488
10 965
10 984
11 12
11 985
12 13
13 14
14 15
14 511
15 16
16 17
17 18
18 19
19 20
20 21
21 1029
22 23
22 342
23 24
23 569
24 25
24 566
24 778
24 915
25 26
26 27
26 362
26 363
26 566
26 790
26 791
26 796
27 28
28 29
29 30
29 791
29 796
29 797
30 31
30 37
30 38
30 361
30 404
30 405
31 32
32 33
32 803
33 34
33 435
33 804
33 936
34 35
34 54
34 436
34 805
35 36
35 55
36 37
36 435
36 567
37 38
37 567
38 39
38 488
38 816
39 40
40 41
40 567
41 42
41 490
42 43
43 44
43 490
43 491
43 827
44 67
44 491
44 512
45 46
45 344
45 361
45 759
46 47
46 343
46 344
46 916
47 48
48 49
49 50
49 600
49 778
50 51
50 364
50 365
50 568
50 571
51 52
51 367
51 406
51 601
51 794
52 53
53 54
53 602
53 803
54 937
55 56
56 57
56 436
57 58
58 59
58 608
59 60
60 61
61 62
62 63
62 490
62 491
62 492
62 819
63 64
64 65
64 570
65 66
65 96
65 97
66 67
66 829
67 131
67 1018
68 69
69 70
70 71
71 72
71 547
71 724
72 73
73 74
74 337
74 338
74 543
75 76
76 77
76 599
77 78
78 79
79 80
80 81
81 82
81 114
81 571
81 612
82 83
82 347
82 348
83 84
84 85
84 600
85 86
86 87
86 601
86 602
86 604
87 88
87 407
87 408
87 624
87 806
88 89
88 121
88 604
88 605
88 626
88 938
88 942
89 90
89 446
90 91
90 966
91 92
91 443
91 444
91 445
91 940
92 93
93 94
93 820
94 95
95 96
96 126
96 492
97 98
98 99
98 127
98 128
99 100
100 101
101 102
101 1019
102 103
102 1019
103 104
103 1022
104 105
104 1021
106 107
107 108
107 141
107 335
108 109
109 110
110 111
110 609
111 112
113 114
113 612
113 760
114 115
114 146
114 148
114 349
114 621
114 898
115 116
115 779
116 117
116 372
116 373
117 118
118 119
118 155
118 156
118 409
118 618
118 646
119 120
120 121
120 447
120 448
120 808
121 122
121 446
121 447
121 967
122 123
122 632
122 821
122 822
123 124
124 125
125 126
125 493
126 127
128 129
129 130
129 832
130 131
131 132
132 133
132 1020
133 134
133 524
134 524
135 136
135 525
136 137
137 138
137 187
138 139
139 140
140 189
141 142
141 336
141 542
141 761
143 144
144 145
145 146
145 772
146 147
147 148
148 149
148 350
149 150
150 151
150 373
150 374
150 779
151 152
152 153
153 154
154 155
154 646
154 932
156 157
156 449
157 158
157 410
157 449
157 933
157 934
158 159
158 209
158 210
158 449
158 666
158 947
159 160
160 161
161 162
162 163
163 164
163 165
163 649
164 165
164 970
165 166
165 495
165 496
165 630
166 167
166 650
167 168
167 493
167 988
168 169
168 650
169 170
169 171
170 171
170 1023
171 172
171 173
171 991
172 173
172 999
173 174
173 216
173 1023
174 175
174 217
174 218
175 176
176 177
177 178
178 179
179 180
180 181
180 221
180 525
181 182
181 183
181 222
181 842
181 843
182 183
183 184
183 223
183 1036
184 185
185 186
187 188
188 189
188 844
189 1037
190 191
191 192
192 193
192 260
192 559
193 194
194 195
195 196
196 197
196 634
197 198
198 199
198 728
199 200
199 734
200 201
200 639
200 640
201 202
202 203
203 737
203 755
203 756
204 205
204 661
204 662
204 774
205 206
205 350
206 207
207 208
207 351
207 374
208 209
208 377
208 378
208 935
209 933
210 211
210 949
211 212
211 451
211 452
211 648
211 649
211 651
211 666
212 213
212 825
213 214
213 979
214 215
215 216
215 496
215 497
215 993
216 217
216 499
216 513
217 1024
218 219
219 220
220 221
221 222
221 248
221 678
224 225
224 913
225 226
225 351
225 642
225 899
226 227
226 353
226 776
226 899
227 228
228 229
229 230
230 231
231 232
231 416
231 417
232 233
233 234
234 235
234 679
234 809
235 236
236 237
236 460
237 238
237 459
237 462
237 501
237 684
238 239
239 240
239 502
240 241
240 685
241 242
241 503
241 1000
242 243
242 691
242 1001
243 244
244 245
245 246
246 247
247 248
248 526
249 250
249 256
249 262
249 341
249 758
250 251
250 642
251 252
251 912
252 253
252 259
252 264
252 383
252 384
253 687
253 811
253 812
254 255
254 505
256 257
256 263
256 268
256 269
256 282
256 354
256 355
256 764
256 765
257 258
258 259
259 780
260 261
261 262
263 264
264 265
264 385
265 266
266 267
269 270
269 780
269 781
270 708
270 709
271 272
271 286
271 424
272 273
273 274
274 275
275 276
276 277
276 469
276 470
277 278
277 849
278 279
279 280
280 281
282 283
283 284
284 285
284 385
285 286
285 293
286 287
287 288
288 289
288 472
289 290
289 852
291 292
291 356
291 357
292 293
292 781
292 782
293 294
293 386
294 295
295 296
296 297
297 298
298 299
299 300
300 473
301 302
301 357
301 358
302 303
303 304
304 305
305 306
306 307
306 315
307 308
307 785
308 309
308 394
309 310
309 393
309 861
310 311
310 861
311 312
311 481
311 482
311 864
313 314
313 322
313 358
313 771
314 315
314 881
315 316
315 323
316 317
317 318
318 319
318 395
318 872
319 320
319 394
319 863
320 321
322 323
323 324
323 882
324 325
325 326
325 399
325 400
327 328
328 329
329 330
330 331
331 332
331 554
331 555
332 333
333 334
334 726
334 727
336 337
336 719
338 339
338 752
338 753
339 722
339 723
340 341
340 642
340 902
340 910
342 343
344 345
344 891
345 346
346 347
347 600
348 349
349 613
350 351
350 374
351 352
351 662
351 663
351 923
352 353
352 402
352 425
353 354
353 912
355 356
357 768
359 360
359 777
359 926
360 361
361 362
362 918
363 364
363 791
363 931
364 919
365 366
366 367
366 600
366 601
366 798
367 368
368 369
369 370
370 371
371 372
371 621
371 622
372 614
374 375
374 643
375 376
376 377
378 379
378 663
378 664
379 380
379 663
379 920
380 381
381 382
382 383
382 415
382 923
383 384
383 924
384 418
386 387
387 388
388 389
389 390
389 473
389 857
390 391
390 477
390 478
390 857
391 392
392 393
392 860
395 396
395 876
396 397
397 398
398 399
398 878
400 401
402 403
403 428
403 429
403 800
404 789
404 796
404 800
405 406
405 797
406 407
408 409
409 618
409 619
409 625
410 411
410 943
411 412
411 922
412 413
412 414
412 648
412 666
413 414
414 415
414 945
415 416
415 679
417 418
418 419
418 958
419 420
420 421
420 811
420 959
421 422
422 423
423 424
423 814
425 426
426 427
427 428
427 815
428 429
429 563
430 431
431 432
432 433
432 566
433 434
434 435
436 437
437 438
437 603
438 439
439 440
439 606
440 441
440 605
441 442
441 444
441 445
442 443
447 627
447 808
448 449
449 450
449 620
449 629
450 451
452 453
453 454
453 944
454 455
454 668
454 669
454 680
454 825
455 456
455 681
455 950
456 457
456 682
457 458
458 459
458 683
458 684
458 946
459 951
460 461
460 689
461 462
462 463
462 504
462 690
463 980
464 465
464 508
465 466
465 711
466 467
466 983
467 468
468 469
470 471
471 472
473 474
473 858
474 475
475 476
476 477
478 479
479 480
480 481
482 483
482 866
483 484
484 863
485 486
485 534
486 1014
487 564
487 565
488 489
488 985
489 490
490 987
491 492
493 494
493 495
494 495
495 630
495 633
497 498
498 499
498 825
499 500
500 501
500 672
500 673
500 684
502 503
503 504
504 691
505 506
506 507
507 508
509 510
509 536
509 537
511 512
512 826
513 514
513 676
513 677
513 1024
514 515
515 516
516 517
516 528
517 518
517 706
518 519
519 520
520 521
522 523
523 524
523 1022
525 842
525 1030
526 697
526 698
527 528
528 529
528 1025
529 530
529 706
529 839
530 531
531 532
532 533
534 535
535 536
536 833
537 538
538 539
540 541
540 799
541 961
541 962
543 544
543 744
543 750
543 751
544 545
545 546
546 547
546 890
547 548
547 572
548 549
549 550
550 551
551 552
551 726
552 553
555 556
556 557
557 558
557 647
558 559
560 561
561 562
562 1014
563 564
566 777
567 817
571 759
571 895
571 896
572 573
573 574
574 575
575 576
576 577
577 578
579 580
580 581
581 582
581 889
582 583
584 585
585 586
586 587
586 738
588 589
589 590
590 591
591 592
592 593
593 594
594 595
595 596
596 745
597 598
598 599
602 603
602 604
604 605
605 805
606 607
607 608
610 611
611 612
613 614
613 928
614 615
614 623
615 616
616 617
617 618
617 802
618 932
619 620
619 941
622 623
623 624
624 801
624 802
625 626
627 628
627 968
628 629
629 630
629 631
629 822
629 823
630 631
632 633
633 969
634 635
635 636
636 637
637 638
638 639
640 641
640 735
640 737
641 736
642 659
642 762
642 763
643 644
644 645
645 646
646 933
648 667
651 652
652 653
653 654
653 979
654 655
655 656
656 657
656 978
656 991
657 658
659 660
659 913
659 914
660 661
660 775
664 665
665 666
667 668
669 670
670 671
670 683
670 825
671 672
674 675
675 676
676 686
677 678
679 680
680 681
682 683
683 684
685 686
687 688
688 689
689 690
689 960
691 692
692 693
693 694
694 695
695 696
696 697
697 837
698 699
699 700
699 846
699 1026
699 1027
700 701
701 702
702 703
703 704
704 705
707 708
707 812
707 813
709 710
710 711
712 713
713 714
714 715
715 716
716 717
717 718
718 856
719 720
720 721
721 722
721 761
723 724
724 725
725 726
727 728
728 733
729 730
730 731
731 732
732 733
734 735
735 736
738 739
739 740
740 741
741 742
742 743
743 744
745 746
746 747
747 748
748 749
749 750
750 888
751 752
753 754
756 757
757 758
759 891
760 897
763 764
763 900
763 901
765 766
766 767
767 768
768 769
769 770
770 771
772 773
773 774
775 776
777 929
782 783
783 784
784 785
786 787
787 788
788 789
789 790
789 930
791 792
792 793
793 794
795 796
797 798
799 800
799 925
806 807
807 808
808 942
809 810
809 956
809 957
810 811
811 955
811 960
813 814
815 816
817 818
818 819
820 821
822 969
823 824
826 827
828 829
830 831
831 832
833 834
833 1003
833 1004
834 835
834 1006
835 836
837 838
839 840
840 841
844 845
846 847
847 848
849 850
850 851
852 853
853 854
854 855
855 856
857 859
861 862
862 863
864 865
865 866
866 867
866 869
867 868
869 870
870 871
872 873
872 875
873 874
875 876
876 877
879 880
879 883
880 881
884 885
885 886
886 887
887 888
889 890
891 892
892 893
894 895
897 898
899 900
899 914
902 903
902 905
902 906
903 904
906 907
907 908
908 909
910 911
915 916
915 917
918 919
920 921
921 922
923 924
926 927
927 928
933 935
938 939
939 940
944 945
947 948
948 949
952 953
953 954
954 955
957 958
962 963
963 964
966 967
971 972
972 973
973 974
974 975
975 976
976 977
977 978
977 990
980 981
982 983
984 986
988 989
991 992
992 993
993 994
993 999
994 995
995 996
996 997
997 998
1002 1003
1004 1005
1004 1015
1006 1007
1007 1008
1007 1017
1008 1009
1009 1010
1010 1011
1012 1013
1016 1017
1019 1020
1025 1026
1028 1029
1030 1031
1031 1032
1033 1034
1034 1035
1035 1036
1037 1038
