0 1
0 2
1 3
1 4
1 5
1 6
1 7
1 8
1 9
2 6
2 10
2 11
2 12
2 13
3 14
3 15
3 16
3 17
3 18
3 19
3 20
3 21
3 22
3 23
3 24
3 25
3 26
3 27
3 28
3 29
3 30
3 31
4 5
4 6
4 10
4 32
4 33
4 34
4 35
4 36
4 37
4 38
4 39
4 40
4 41
5 6
5 35
5 42
5 36
5 43
5 37
5 38
5 40
5 44
6 45
6 33
6 34
6 35
6 36
6 43
6 38
6 40
6 46
7 15
8 47
8 48
8 49
8 50
8 51
8 52
8 53
8 43
8 54
8 55
8 56
9 57
9 58
9 59
9 19
9 60
9 61
9 62
9 63
9 64
9 65
9 66
9 24
9 67
9 68
9 69
9 70
9 31
9 71
9 72
10 73
10 74
10 75
10 76
10 77
10 78
10 79
10 80
10 81
10 82
10 36
10 43
10 83
10 84
11 12
11 85
11 86
12 87
12 88
12 86
12 89
13 90
13 91
13 92
13 93
13 94
13 95
13 96
13 97
13 98
13 99
13 100
13 101
13 102
13 103
13 104
14 105
14 106
14 107
14 108
15 109
15 110
15 111
15 112
15 113
15 114
15 115
15 116
15 117
15 118
15 119
15 120
15 121
15 122
15 123
16 124
16 125
16 126
16 127
16 128
16 129
16 130
16 113
16 20
16 131
16 132
16 133
16 134
16 135
16 136
16 137
16 138
16 139
16 140
17 109
17 141
17 142
17 129
17 143
17 144
17 122
17 20
17 145
17 146
17 147
17 62
17 148
17 149
17 150
17 63
17 151
17 152
18 141
18 153
18 154
18 155
18 156
18 157
18 158
18 159
18 160
18 161
18 162
18 163
18 164
18 165
18 29
18 166
18 167
19 141
19 168
19 169
19 129
19 170
19 171
19 172
19 173
19 73
19 59
19 174
19 175
19 176
19 177
19 146
19 62
19 178
19 179
19 180
19 181
19 182
19 183
19 184
19 64
19 185
19 32
19 75
19 65
19 186
19 187
19 188
19 80
19 26
19 189
19 190
19 164
19 69
19 191
19 192
19 193
19 194
19 195
19 196
20 197
20 129
20 58
20 198
20 199
20 175
20 21
20 176
20 22
20 60
20 200
20 201
20 202
20 88
21 203
21 204
21 205
21 206
21 157
21 207
22 208
22 130
22 209
22 210
22 211
22 212
22 213
22 214
23 143
23 172
23 149
23 215
23 216
24 197
24 110
24 217
24 218
24 130
24 172
24 219
24 140
24 220
24 221
24 222
24 223
24 224
24 225
24 226
24 186
24 227
24 228
24 229
24 230
24 231
24 232
24 233
24 162
24 234
24 235
24 236
24 237
25 109
25 238
25 169
25 129
25 130
25 122
25 140
25 145
25 239
25 240
25 162
25 241
26 210
26 171
26 114
26 122
26 174
26 242
26 138
26 236
26 243
26 244
26 245
27 110
27 203
27 204
27 246
27 143
27 247
27 144
27 113
27 200
27 145
27 147
27 148
27 225
27 216
27 248
27 231
27 249
28 145
28 250
29 155
29 32
29 251
30 252
30 253
30 254
31 197
31 255
31 129
31 134
32 87
32 256
32 257
32 258
32 219
32 132
32 145
32 185
32 259
32 260
32 261
32 262
32 263
32 264
32 265
32 266
32 267
32 268
32 269
32 270
32 271
32 272
32 273
32 274
32 275
33 114
33 37
34 109
34 116
34 118
34 276
34 277
34 278
35 109
35 116
35 118
35 276
35 277
35 278
35 39
37 279
37 280
37 43
38 225
39 61
39 281
39 282
39 42
39 283
39 43
39 83
39 284
39 285
39 286
39 287
39 288
40 289
42 109
42 116
42 118
42 276
42 278
43 290
44 291
44 210
44 292
45 293
45 294
45 295
47 296
47 297
47 298
47 247
47 221
47 299
47 48
47 300
47 49
47 50
47 51
47 301
47 302
47 303
47 304
47 292
47 305
47 54
47 55
47 306
47 307
47 308
48 309
48 221
48 299
48 310
48 311
48 49
48 290
48 50
48 312
48 313
48 52
48 314
48 315
48 316
48 292
48 54
48 55
48 317
48 318
49 203
49 319
49 320
49 321
49 290
49 50
49 51
49 312
49 322
49 301
49 313
49 52
49 323
49 314
49 53
49 324
50 309
50 221
50 290
50 52
51 221
51 54
52 325
52 326
52 290
52 322
52 323
52 314
54 221
54 327
54 55
54 317
54 306
54 307
54 328
55 221
56 329
56 330
56 331
56 332
56 333
56 334
57 335
57 336
57 337
57 338
57 339
57 340
58 141
58 341
58 342
58 282
58 265
58 343
58 344
59 141
59 172
59 345
59 138
59 176
59 177
59 346
59 62
59 178
59 179
59 180
59 181
59 182
59 183
59 184
59 347
59 348
59 349
59 350
59 351
59 352
59 353
60 172
60 120
60 62
60 178
60 179
60 180
60 181
60 182
60 183
60 184
60 64
61 109
61 354
61 199
61 355
61 356
61 231
61 357
61 358
61 359
61 360
61 67
61 361
61 106
61 362
61 351
61 283
61 363
61 364
61 365
61 366
61 367
61 368
61 369
61 370
61 371
61 372
62 168
62 129
62 172
62 122
62 176
62 177
62 179
62 180
62 181
62 182
62 183
62 184
62 64
62 373
62 188
62 348
62 374
62 375
62 376
62 349
62 350
62 377
62 378
62 379
62 380
62 164
62 351
62 192
62 193
63 91
63 169
63 213
63 381
63 382
63 383
63 384
63 385
64 129
64 386
64 177
64 179
64 180
64 182
64 183
64 184
64 189
64 164
64 351
64 192
65 298
65 73
65 180
65 182
65 184
65 76
65 78
65 79
65 387
65 80
65 388
65 389
65 390
65 391
65 270
65 194
65 392
65 393
65 394
65 395
65 396
65 397
65 398
65 399
65 400
65 401
66 124
66 402
66 129
66 130
66 209
66 403
66 404
66 405
66 174
66 134
66 140
66 406
66 407
66 157
66 408
66 409
66 355
66 410
66 411
66 412
66 229
66 413
66 414
67 197
67 144
67 415
67 416
67 174
67 146
67 147
67 417
67 418
67 419
67 420
67 421
68 143
68 113
68 422
68 423
68 424
68 147
68 425
68 231
68 426
68 427
68 421
68 428
69 144
69 173
69 177
69 146
69 178
69 179
69 180
69 299
69 182
69 184
70 309
70 429
70 430
70 413
70 431
71 432
71 433
73 129
73 172
73 434
73 416
73 134
73 138
73 177
73 182
73 435
73 228
73 229
73 230
73 106
73 436
73 437
74 153
74 438
74 439
74 210
74 440
74 429
74 441
74 442
74 443
74 444
74 445
74 446
74 447
74 448
74 449
74 450
74 451
74 452
74 453
74 422
74 454
74 455
74 97
74 456
74 220
74 457
74 458
74 459
74 460
74 461
74 462
74 463
74 464
74 465
74 466
74 467
74 468
74 469
74 470
74 471
74 472
74 473
74 474
74 475
74 476
74 477
74 478
74 479
74 480
75 481
75 113
75 138
75 482
75 483
75 484
75 485
75 486
76 487
76 488
76 129
76 403
76 489
76 134
76 140
76 457
76 490
76 491
76 492
76 493
77 494
77 128
77 403
77 444
77 354
77 495
77 496
77 497
77 498
78 255
78 499
78 134
78 140
78 202
78 410
78 500
78 501
79 502
79 197
79 125
79 503
79 128
79 129
79 130
79 122
79 345
79 492
79 228
79 504
79 500
79 378
79 86
79 505
80 506
80 128
80 129
80 345
80 174
80 185
80 507
80 504
80 508
80 509
80 510
80 511
80 512
81 114
81 378
82 487
82 169
82 513
82 133
82 514
82 515
83 516
83 172
83 122
83 517
83 106
83 518
83 519
83 520
85 521
85 522
86 297
86 302
86 303
86 523
86 393
86 524
87 335
87 445
87 469
87 525
87 223
87 336
87 526
87 527
87 528
88 529
88 530
88 531
88 532
88 533
88 534
88 535
90 536
90 127
90 153
90 111
90 91
90 92
90 238
90 537
90 438
90 538
90 93
90 539
90 488
90 94
91 111
91 92
91 537
91 438
91 538
91 488
91 94
91 203
91 540
91 541
91 223
91 528
91 542
92 197
92 543
92 544
92 448
92 479
92 480
92 223
92 545
92 546
92 542
92 227
92 547
92 548
93 537
93 488
93 94
93 219
93 185
93 528
93 549
94 550
94 537
94 100
94 551
95 111
95 238
95 552
95 434
95 481
95 544
95 444
95 445
95 478
95 482
95 553
95 483
95 554
95 485
95 224
95 555
96 111
96 543
96 544
96 483
96 556
96 557
96 558
97 439
97 440
97 559
97 422
97 220
98 111
98 238
98 438
98 552
98 481
98 544
98 444
98 445
98 448
98 450
98 478
98 482
98 483
98 554
98 560
98 561
98 485
98 381
98 562
98 563
98 564
98 555
98 565
98 566
98 567
98 409
98 568
98 569
98 570
98 226
98 571
98 572
98 573
99 111
99 574
100 438
100 488
100 185
100 528
101 537
101 446
101 409
102 537
575 576
575 335
575 296
575 502
575 109
575 197
575 577
575 506
576 494
576 110
576 578
335 494
335 579
335 141
335 580
335 581
335 582
335 583
335 550
335 584
335 487
335 585
335 124
335 586
335 168
335 587
335 588
335 589
335 291
335 590
335 591
335 592
335 593
335 594
335 297
335 595
335 596
335 256
335 597
335 598
335 599
335 600
335 601
335 602
335 603
335 604
335 298
296 197
296 141
296 125
296 126
296 605
296 606
296 607
296 402
296 608
296 609
296 503
296 610
502 141
502 168
502 587
502 611
502 612
502 199
502 155
502 613
502 614
502 231
502 615
502 616
109 617
109 105
109 618
109 113
109 116
109 118
109 119
109 354
109 619
109 620
109 219
109 276
109 621
109 622
109 175
109 623
109 185
109 624
109 507
109 625
109 626
109 627
109 261
109 628
109 264
109 629
109 630
109 501
109 631
109 277
109 278
109 632
109 633
109 634
109 635
109 636
109 637
109 351
109 363
109 192
109 268
109 638
109 639
109 640
109 641
109 642
109 643
109 644
109 645
109 646
109 647
109 648
109 649
109 650
109 651
109 652
197 256
197 298
197 208
197 130
197 257
197 653
197 654
197 211
197 655
197 620
197 416
197 179
197 656
197 657
197 526
197 259
197 187
197 658
197 384
197 504
197 216
197 413
197 626
197 262
197 659
197 629
197 359
197 660
197 661
197 303
197 378
197 379
197 662
197 663
197 390
197 191
197 664
197 194
197 665
197 666
197 667
197 668
197 669
197 670
197 671
197 672
197 673
197 674
197 675
197 676
197 677
197 678
197 273
197 679
197 680
577 681
577 454
577 199
577 682
577 194
577 683
506 580
506 168
506 601
506 258
506 261
506 615
506 304
506 684
494 588
494 291
494 685
494 422
494 406
494 424
494 560
494 561
494 565
494 686
494 687
494 688
494 689
494 690
494 691
494 356
494 692
494 693
494 694
494 695
494 696
494 697
494 698
494 699
494 326
494 700
110 537
110 543
110 446
110 449
110 701
110 702
110 162
110 703
110 351
110 704
110 705
110 706
110 707
110 708
578 119
578 655
578 467
578 185
578 709
578 187
578 413
578 262
578 710
578 711
578 366
578 712
578 713
578 714
578 715
578 716
579 217
579 209
141 168
141 256
141 503
141 127
141 129
141 123
141 717
141 718
141 612
141 719
141 541
141 198
141 720
141 721
141 722
141 723
141 354
141 681
141 211
141 655
141 724
141 154
141 725
141 726
141 619
141 620
141 727
141 345
141 728
141 416
141 174
141 219
141 242
580 130
580 404
580 729
580 134
580 140
580 156
580 730
580 185
580 731
580 732
580 733
580 734
581 595
581 125
581 126
581 605
581 606
581 607
581 608
581 503
581 610
581 238
581 220
581 185
581 733
581 735
581 736
581 504
581 737
582 738
582 739
583 429
583 113
583 740
583 741
583 742
583 743
583 744
583 745
583 746
583 747
550 148
550 748
550 749
584 309
487 586
487 588
487 291
487 591
487 170
487 113
487 119
487 750
487 211
487 132
487 450
487 422
487 525
487 430
487 751
487 752
487 624
487 657
487 527
487 381
487 259
487 753
487 754
487 226
487 755
487 337
487 356
487 699
487 382
487 260
487 261
487 756
487 757
487 161
487 758
487 243
487 389
487 759
487 760
487 761
487 762
487 763
487 764
487 640
487 365
487 765
487 253
487 766
487 767
487 768
487 769
487 770
487 771
487 772
487 773
487 774
487 775
487 776
487 777
585 589
585 125
585 295
585 778
585 779
585 780
124 217
124 299
124 279
124 542
586 146
586 767
168 177
168 179
168 180
168 182
168 183
168 184
168 225
168 781
587 782
587 225
587 243
588 209
588 408
589 778
589 783
589 784
291 785
291 786
291 723
291 450
291 355
291 325
291 787
291 788
291 789
291 790
291 194
291 328
291 791
291 783
291 792
590 793
591 794
591 767
297 125
297 605
297 606
297 607
297 608
297 609
297 503
297 610
297 122
297 220
297 185
297 736
297 737
297 795
297 615
297 796
297 711
297 797
297 798
297 799
595 114
595 630
595 800
256 608
256 255
256 499
256 172
256 345
256 139
256 140
256 408
256 528
256 801
256 384
256 802
597 803
597 804
601 130
601 138
601 555
601 355
601 805
601 806
601 807
601 519
602 225
602 243
603 173
603 225
603 410
603 243
604 185
604 734
298 173
298 122
298 416
298 243
298 190
125 293
125 808
125 113
125 114
125 145
125 809
125 547
125 302
125 810
125 811
125 630
125 812
125 813
125 530
125 787
125 303
125 814
126 402
126 386
126 815
126 698
126 816
126 817
126 818
126 819
126 820
126 821
605 131
605 822
605 823
605 824
605 825
605 302
605 316
605 826
605 827
605 828
605 829
605 830
605 831
605 832
606 439
606 559
606 429
606 422
606 571
606 302
606 500
606 303
607 210
607 434
607 441
607 444
607 833
607 463
607 478
607 834
607 482
607 409
607 835
607 836
607 692
607 302
607 837
607 303
607 838
607 839
607 840
402 121
402 815
402 281
402 557
402 417
402 688
402 356
402 692
402 841
402 842
402 819
402 302
402 843
402 844
402 821
402 845
402 846
402 847
402 848
402 849
402 850
402 851
402 268
402 852
608 526
608 302
608 303
608 853
608 854
608 855
609 416
609 624
609 302
609 303
609 856
503 258
503 282
503 302
503 263
503 264
503 303
503 268
503 857
503 858
610 423
610 180
610 383
610 303
610 859
610 860
610 861
610 798
610 862
611 105
611 863
611 864
611 757
611 865
611 866
611 797
611 867
611 868
611 869
611 870
612 127
612 717
612 718
612 719
612 541
612 871
199 438
199 154
199 221
199 872
199 873
199 874
199 875
199 213
199 876
199 155
199 877
199 156
199 342
199 430
199 878
199 177
155 879
155 202
155 157
155 159
155 880
155 881
155 882
155 162
155 883
155 165
155 884
155 885
155 886
155 887
155 796
613 228
613 239
613 614
613 888
613 889
613 890
613 891
614 217
614 465
614 159
614 228
614 239
614 357
614 892
231 893
231 357
231 894
615 185
616 187
616 765
616 797
617 895
617 896
617 221
617 561
617 897
617 898
617 882
617 233
617 899
617 900
105 218
105 901
105 902
105 521
105 803
105 778
105 903
105 171
105 440
105 172
105 144
105 904
105 905
105 257
105 404
105 906
105 489
105 907
105 908
105 173
105 405
105 513
105 729
618 153
618 210
618 434
618 444
618 479
618 909
618 562
618 563
618 409
113 538
113 879
113 210
113 543
113 429
113 119
113 443
113 444
113 910
113 140
113 449
113 146
113 482
113 911
113 912
113 913
113 914
113 562
113 915
113 916
113 810
113 883
113 917
113 918
113 919
113 920
113 921
113 922
113 923
113 924
113 900
113 925
113 926
113 927
113 928
113 929
113 930
113 704
113 931
113 932
113 933
113 934
113 935
116 115
116 118
116 119
116 120
116 138
116 636
116 936
116 637
118 499
118 119
118 636
118 936
119 276
119 801
119 631
119 937
354 129
354 172
354 265
354 806
354 748
354 353
354 807
619 129
620 138
620 938
620 225
620 384
219 255
219 727
219 262
219 264
219 265
219 359
276 153
276 115
276 117
276 156
276 562
276 324
276 881
276 631
276 277
276 278
276 939
276 632
276 940
276 633
276 634
276 941
276 635
276 942
276 943
621 944
621 622
621 945
622 140
622 945
622 500
622 946
622 947
175 143
175 172
175 871
175 424
175 948
175 346
175 407
623 490
185 949
185 128
185 218
185 171
185 173
185 138
185 873
185 145
185 337
185 950
185 356
185 951
185 260
185 187
185 384
185 302
185 952
185 953
185 954
185 955
185 956
185 427
185 957
185 629
185 160
185 958
185 358
185 959
185 960
185 188
185 265
185 359
185 961
185 962
185 963
185 964
185 360
185 965
185 388
185 966
185 967
185 968
185 660
185 969
185 970
185 971
185 972
185 973
185 974
185 500
624 142
624 217
624 172
624 405
624 513
624 447
624 482
624 975
624 226
624 410
624 501
624 162
624 976
624 977
624 978
624 805
624 979
624 980
624 981
507 169
507 403
507 210
507 482
507 975
507 982
507 983
507 883
507 984
507 985
507 986
625 488
625 142
625 410
626 499
626 879
626 140
626 987
627 896
627 988
627 117
627 989
627 990
627 877
627 156
627 897
627 898
627 991
627 881
627 882
627 992
627 899
627 993
627 994
627 995
627 996
627 997
261 998
261 794
628 122
628 139
628 410
628 239
264 169
264 129
264 345
264 174
264 281
264 355
264 999
264 425
264 500
264 190
629 1000
629 143
629 1001
629 1002
629 1003
629 428
630 403
630 114
630 345
630 530
630 240
630 1004
630 1005
630 838
501 238
501 879
501 403
501 446
501 174
501 133
501 140
501 463
501 500
501 1006
501 1007
631 117
631 990
631 480
631 222
631 562
631 277
631 278
277 156
277 278
277 632
277 633
277 634
277 941
277 635
277 942
278 632
278 633
278 634
278 636
632 117
632 480
632 562
632 233
636 948
636 289
351 172
351 429
351 132
351 138
351 147
351 179
351 180
351 181
351 182
351 183
351 184
351 225
351 216
351 374
363 279
363 243
192 129
192 246
192 177
192 178
192 179
192 180
192 181
192 182
192 183
192 184
268 129
268 130
268 159
268 412
268 243
268 1008
268 806
268 1009
268 1010
268 748
638 488
638 217
638 540
638 909
638 1011
638 1012
638 804
639 1011
639 997
640 879
640 905
640 257
640 513
640 140
640 281
640 860
641 181
642 860
643 403
645 403
647 910
648 255
648 405
648 140
652 1013
208 1014
208 1015
208 391
208 851
208 1016
208 1017
208 1018
208 1019
208 1020
130 893
130 1014
130 908
130 1021
130 121
130 258
130 655
130 154
130 874
130 145
130 557
130 1022
130 565
130 566
130 355
130 356
130 382
130 1023
130 390
130 1024
130 1025
130 1026
130 1027
130 1028
130 1029
130 1030
130 713
130 1031
130 1032
130 1033
257 171
257 905
257 345
257 225
257 243
257 806
257 1034
257 1028
653 833
653 160
653 1035
654 111
654 718
654 482
654 553
654 483
654 554
211 1036
211 1037
655 403
655 1038
655 793
655 1012
416 154
416 174
416 282
416 1039
416 188
416 265
416 359
416 939
416 534
416 285
179 242
179 176
179 178
179 180
179 181
179 182
179 184
179 347
179 188
179 349
179 378
179 106
179 164
656 728
656 174
656 1040
656 1041
656 1042
657 217
657 128
657 218
657 171
657 173
657 793
657 133
657 139
657 948
657 310
657 226
657 976
657 1043
526 1044
526 566
526 1045
526 1046
526 1047
526 1048
526 1049
526 1050
259 403
259 174
259 134
259 140
259 457
259 479
259 490
259 482
259 977
259 980
187 722
187 734
187 735
187 162
187 266
187 978
187 781
187 245
658 873
658 156
658 1051
384 218
384 681
384 132
384 873
384 975
384 528
384 337
384 186
384 953
384 954
384 955
384 956
384 427
384 957
384 160
384 265
384 661
384 1052
384 1053
384 1054
504 949
504 202
504 355
504 282
504 779
504 683
504 1055
504 1056
504 1057
216 143
216 215
216 243
216 1058
216 1059
216 1060
216 1061
413 488
413 217
413 499
413 489
413 173
413 138
413 1062
413 410
413 810
413 1063
413 1064
413 1065
413 749
413 794
413 1066
413 332
413 1067
413 1068
413 1069
413 1070
413 1071
413 1072
413 1073
413 1074
262 1075
262 405
262 513
262 728
262 139
262 478
262 214
262 1076
262 802
262 232
262 1077
659 117
659 1078
659 1079
659 1080
659 1081
359 345
359 174
359 138
359 531
359 241
359 985
660 728
660 174
660 975
660 734
661 1082
303 220
303 736
303 795
303 190
303 796
303 797
378 114
378 182
378 358
378 348
378 374
378 375
378 376
378 349
378 377
378 379
378 380
378 1083
378 1084
378 1085
379 114
379 374
379 380
662 516
662 122
662 223
662 1086
663 879
663 386
663 1087
390 879
390 403
390 210
390 405
390 729
390 281
390 189
191 170
191 154
191 1088
191 765
191 769
664 403
664 174
664 137
664 408
664 528
664 266
664 1089
194 209
194 403
194 778
194 137
194 528
194 1090
194 495
194 360
194 804
194 244
194 333
194 1089
194 1091
665 410
666 172
667 793
667 946
668 404
670 478
670 836
677 975
273 1092
681 426
681 243
454 439
454 559
454 422
682 499
258 238
258 405
258 1093
258 871
258 140
258 1094
258 239
258 1095
304 217
304 1096
304 140
304 145
304 157
685 218
685 293
685 561
685 686
685 740
685 687
685 1097
685 688
685 689
685 690
685 411
685 691
685 693
685 694
685 695
685 696
685 841
685 1098
685 1099
422 488
422 439
422 1100
422 559
422 429
422 1101
422 132
422 448
422 449
422 453
422 455
422 456
422 220
422 457
422 458
422 909
422 527
422 225
422 1102
422 1103
422 755
422 542
422 1104
422 1105
422 763
422 1106
406 153
406 218
406 1107
406 1108
406 444
406 446
406 220
406 469
406 479
406 480
406 1044
406 563
406 409
406 355
406 1109
406 687
406 688
406 542
406 1110
406 227
406 1045
406 228
406 412
406 1111
406 1078
406 547
406 1112
406 1113
406 229
424 122
424 486
560 171
560 405
560 423
560 482
560 730
560 408
560 911
560 912
560 222
560 975
561 255
561 309
561 521
561 123
561 989
561 446
561 447
561 451
561 452
561 472
561 146
561 975
561 158
561 565
561 409
561 686
561 688
561 689
561 542
561 1114
561 809
561 822
561 1115
561 1116
561 1117
561 1118
561 1119
561 864
561 1120
561 325
561 823
561 1121
561 1122
561 1094
561 982
561 1123
561 311
561 186
561 1124
561 999
561 1125
561 950
561 1126
561 1127
561 916
561 1110
561 1128
561 1129
561 1130
561 1131
561 1132
561 1133
561 1011
565 111
565 238
565 552
565 481
565 122
565 444
565 445
565 479
565 200
565 553
565 554
565 485
565 224
565 564
565 1134
565 409
565 542
565 825
565 1135
686 158
686 740
686 687
686 1136
686 1097
686 688
686 689
686 1137
686 1138
686 1139
686 690
686 411
686 691
687 355
687 1097
687 688
687 689
687 1138
687 690
687 693
687 694
687 695
687 696
687 698
687 1140
687 841
687 1098
687 1099
687 816
687 1141
688 1108
688 1142
688 156
688 158
688 562
688 355
688 1109
688 1097
688 1137
688 1138
688 1139
688 690
688 411
688 691
688 982
688 1123
688 694
688 695
688 696
688 698
688 1098
688 816
688 1143
688 818
688 1045
688 1144
688 1145
688 1146
688 1147
688 1148
688 1149
688 1150
689 691
689 694
689 698
689 1144
690 691
690 694
690 698
690 816
690 1141
691 693
691 694
691 695
691 696
691 698
356 729
356 140
356 734
356 692
356 1151
356 1152
356 1153
356 1154
692 405
692 174
692 734
692 347
692 982
692 1152
692 1155
693 694
693 816
693 1144
694 1097
694 695
694 696
694 698
694 1099
694 1144
695 816
696 440
696 698
696 816
697 217
697 1000
697 722
697 815
697 1138
697 841
697 1098
697 1099
697 817
697 338
697 842
697 1156
697 844
697 1157
697 821
697 846
697 847
697 849
697 1158
697 305
697 1159
697 1160
697 1161
697 1162
698 217
698 218
698 722
698 1097
698 1138
698 1140
698 841
698 1098
698 1099
698 338
698 818
698 1144
698 1145
698 842
698 821
698 848
698 1163
698 849
698 1064
698 1158
698 305
698 1164
698 1161
698 1165
699 210
699 444
699 909
699 226
326 129
326 516
326 778
326 122
326 445
326 479
326 496
326 933
326 1166
326 331
326 1167
326 1168
326 1169
326 1029
700 514
700 239
700 353
537 111
537 438
537 538
537 488
537 223
537 528
537 1121
537 412
537 1170
543 112
543 442
543 1107
543 1171
543 1172
543 1173
543 544
543 1174
543 1108
446 1175
446 552
446 443
446 444
446 448
446 450
446 220
446 554
446 545
446 1176
446 227
446 382
446 1177
446 270
446 395
446 1178
449 439
449 559
449 481
449 1171
449 220
449 469
449 472
449 482
449 336
449 485
449 564
449 409
449 337
449 300
449 355
449 1086
449 1179
701 1136
701 1137
701 1139
701 1170
701 1180
701 1181
701 1182
702 255
702 205
702 752
702 300
702 355
162 161
703 1183
703 1022
704 1173
705 203
705 1184
705 1012
705 1185
705 1186
706 728
706 1187
467 439
467 559
709 488
709 403
709 137
709 226
709 542
709 333
710 309
710 1121
710 290
710 1188
710 1189
711 1190
366 210
366 122
366 123
366 137
366 138
366 732
366 528
366 492
366 1191
366 946
366 1042
366 781
366 1192
366 498
366 985
366 1193
712 516
712 174
712 137
712 479
712 492
712 333
217 1194
217 1195
217 170
217 1196
217 1197
217 722
217 1198
217 1142
217 1199
217 816
217 338
217 1001
217 1200
217 1144
217 1201
217 263
217 889
217 890
217 361
217 1202
217 1203
217 266
217 1204
217 764
217 1205
217 1206
217 851
217 805
217 1207
217 1208
217 1161
217 1209
217 1210
217 508
217 364
217 852
217 1211
217 1212
217 857
217 1213
217 1214
217 1215
217 1216
217 1217
209 282
209 107
209 394
127 717
127 718
127 719
127 541
129 893
129 895
129 727
129 180
129 182
129 184
129 752
129 1218
129 1219
129 892
129 188
129 265
129 388
129 1220
129 1221
129 270
129 392
129 1222
129 1223
129 1224
129 1225
129 1226
129 1227
129 1228
129 1229
123 169
123 726
123 986
123 1230
717 718
717 719
717 541
718 719
718 541
718 750
719 541
541 481
541 1198
541 1231
541 1232
541 1233
198 213
720 1234
721 738
721 1235
722 841
722 816
722 338
722 1001
722 1200
722 1201
722 1135
722 1202
722 1203
722 305
722 1161
722 1236
723 386
723 138
154 114
154 122
154 220
154 733
154 310
154 517
154 735
154 1179
154 745
154 781
727 1237
727 806
727 984
345 114
345 750
345 265
345 961
345 283
345 918
345 1222
345 1238
345 1239
728 1240
728 953
728 265
728 1025
728 1241
728 1242
728 1243
174 180
174 734
174 752
174 514
174 909
174 260
174 758
174 362
174 1244
174 196
174 1245
174 534
174 509
174 1246
174 1247
174 1248
242 176
242 1249
242 382
242 282
242 997
242 1250
242 1027
242 1251
242 1252
404 1253
404 874
404 492
404 892
404 1177
404 922
404 1254
729 145
729 1094
729 322
729 382
729 1177
729 362
729 365
729 771
729 1255
729 1256
134 439
134 893
134 908
134 263
134 954
134 1257
134 1258
134 1027
140 121
140 1142
140 874
140 145
140 731
140 279
140 1022
140 355
140 382
140 260
140 736
140 891
140 756
140 1259
140 892
140 421
140 161
140 1177
140 850
140 266
140 764
140 851
140 1260
140 1088
140 365
140 1261
140 1262
140 1263
140 1028
140 1264
140 1265
140 1266
140 1267
140 1268
140 1269
140 1270
156 896
156 988
156 991
156 881
156 882
156 992
156 996
156 1271
156 1272
730 447
730 1273
730 1274
731 173
731 834
731 336
731 1022
731 224
731 355
731 1058
731 391
732 435
732 1275
732 1276
732 1277
732 1278
732 1279
732 1280
733 444
733 736
733 1281
734 1083
734 1282
445 111
445 238
445 552
445 210
445 1283
445 481
445 441
445 1171
445 443
445 444
445 448
445 459
445 1284
445 553
445 554
445 1285
445 381
445 545
445 557
445 1286
445 224
445 564
445 1134
445 566
445 753
445 567
445 1287
445 409
445 1288
445 568
445 569
445 754
445 1289
445 572
445 1290
445 835
445 1291
445 1292
445 1293
445 1294
445 1295
445 283
469 453
469 206
469 801
469 1296
469 1297
469 1298
469 1299
469 1300
469 338
469 1301
469 1113
469 1302
469 1303
469 919
469 1304
469 1305
469 1276
469 1306
469 1307
469 1308
469 1309
469 1310
469 1311
469 1312
469 1313
469 1314
469 1315
469 1316
469 1317
469 1318
469 1319
525 153
525 1107
525 1198
525 514
223 386
223 1320
223 1096
223 415
223 910
223 448
223 815
223 547
223 882
223 1321
223 1322
223 1036
223 1323
336 1324
336 1325
336 337
336 1112
336 810
336 1326
336 1327
336 1328
336 1329
336 1330
336 1331
336 1332
336 1180
336 1333
336 1334
336 1335
336 1336
527 1100
527 474
527 475
527 1102
527 755
527 1337
527 1338
527 1326
527 763
527 1335
528 117
528 751
528 1058
528 365
528 196
238 111
238 499
238 552
238 210
238 1283
238 481
238 441
238 444
238 459
238 478
238 815
238 553
238 554
238 373
238 1339
238 1285
238 485
238 381
238 224
238 564
238 1340
238 566
238 1341
238 409
238 568
238 754
238 226
238 1103
238 1342
238 1290
238 835
238 1135
238 1259
238 757
238 161
238 758
238 1343
238 1177
238 779
238 1344
238 1345
238 1346
238 1347
238 1348
220 439
220 778
220 559
220 429
220 441
220 448
220 458
220 460
220 461
220 462
220 463
220 464
220 465
220 1284
220 1249
220 1349
220 1325
220 1102
220 1103
220 1291
220 756
220 1350
220 839
220 1025
220 1351
220 1352
735 902
735 873
735 1353
735 1354
735 215
735 1355
735 382
735 260
735 1356
735 383
735 282
736 493
736 302
737 281
737 302
738 115
738 1062
738 1357
738 1302
738 1358
738 1359
738 1360
738 361
738 1361
739 544
429 439
429 210
429 440
429 434
429 1283
429 559
429 481
429 444
429 466
429 478
429 479
429 1362
429 909
429 409
429 836
429 1363
429 1337
429 215
429 955
429 1364
740 479
740 409
740 1109
740 982
740 1365
740 227
740 1337
740 1366
742 409
742 1123
742 999
742 1125
742 787
742 1208
742 1367
742 1368
742 1369
743 205
743 1121
743 420
744 444
744 435
744 282
744 1370
744 1371
745 266
745 1372
747 1366
148 459
148 1321
148 1373
148 1374
148 1375
748 1376
749 538
749 909
309 295
309 833
309 1121
309 290
309 1090
309 160
309 940
309 1188
309 1060
309 1377
309 1378
309 327
309 1379
309 1380
309 1381
309 1382
309 1383
309 1384
309 1385
309 1386
309 1387
309 1388
170 142
170 341
170 403
170 138
170 482
170 915
170 998
170 1012
170 1389
750 1075
750 232
750 757
750 977
750 1390
750 1391
750 1392
132 171
132 1393
132 755
132 1394
132 1222
132 1223
132 505
132 1395
450 438
450 440
450 989
450 1320
450 1096
450 415
450 990
450 444
450 1183
450 1396
450 1397
450 910
450 1398
450 1399
751 447
751 911
751 1012
751 1400
751 1401
751 1402
752 142
752 513
752 447
752 815
752 408
752 975
752 1012
752 1403
752 1404
752 1405
752 1406
381 210
381 481
381 544
381 444
381 482
381 553
381 483
381 554
381 485
381 409
381 755
381 337
381 300
753 111
753 210
753 478
753 408
754 552
754 554
754 485
754 224
754 1134
754 569
754 226
226 499
226 1283
226 131
226 1062
226 1407
226 566
226 570
226 835
226 822
226 823
226 1148
226 517
226 824
226 412
226 825
226 385
226 1408
226 1343
226 1170
226 826
226 827
226 829
226 830
226 831
226 1409
226 1293
226 1410
226 1411
226 1412
226 1015
226 1413
226 1414
226 976
755 1100
755 474
755 475
755 1176
755 1249
755 409
755 1102
755 1104
755 763
755 1415
755 1416
337 1172
337 1112
337 954
337 427
337 1417
337 1327
337 1328
337 1329
337 1418
337 1419
337 1420
337 1421
337 1422
337 1423
337 1332
337 1424
337 1425
337 1426
337 1180
337 1427
337 1428
382 403
382 122
382 1429
382 202
382 408
382 557
382 939
260 478
260 490
260 373
260 492
260 1430
260 1168
260 518
260 1431
756 1179
756 239
756 500
756 979
757 516
757 202
757 915
757 1432
757 243
757 106
757 518
757 519
161 1433
161 169
161 172
161 405
161 122
161 569
161 1124
161 233
161 1434
758 948
243 910
243 412
243 961
243 964
243 420
243 1170
243 1435
243 1088
243 1008
243 806
243 1009
243 1436
243 1437
243 1059
243 1438
243 1439
243 1440
243 1441
243 917
243 1026
389 210
389 1183
389 1095
759 564
759 760
759 761
759 762
759 1002
759 1003
764 457
764 478
764 490
764 492
764 1430
764 977
764 1168
764 518
764 1431
365 516
365 982
365 1415
765 1003
765 984
253 513
253 975
253 360
253 500
253 234
253 1411
253 979
766 1393
766 1063
766 1442
766 1443
769 1179
772 987
776 910
338 1000
338 1097
338 841
338 1099
338 816
338 1144
338 1201
338 1112
338 1202
338 305
338 1160
338 1164
338 1327
338 1328
338 1329
338 1418
338 1330
338 1331
338 1444
338 1161
339 1112
339 1417
339 1327
339 1329
339 1330
339 1421
339 1332
339 1445
340 1417
340 1327
340 1330
340 1331
340 1426
340 1446
340 1447
340 1448
340 1449
340 1450
295 896
295 203
295 782
295 988
295 204
295 1100
295 785
295 246
295 1451
295 143
295 1324
295 879
295 540
295 1253
295 247
295 205
778 439
778 218
778 440
778 461
778 562
778 263
778 574
778 1220
778 1058
778 1452
778 1453
779 403
779 333
299 896
299 221
299 176
299 882
299 1454
279 1198
279 1455
279 1456
279 361
279 1457
279 1458
279 1459
279 1460
279 1206
279 851
279 805
279 267
279 1207
279 1260
279 1461
279 1462
279 1463
542 439
542 559
542 481
542 1171
542 1108
542 448
542 1284
542 545
542 409
542 1102
542 836
542 411
542 825
542 1135
542 1464
542 1465
146 204
146 386
146 408
146 912
146 158
146 1102
146 1466
146 1301
146 958
146 358
146 787
146 374
146 376
146 349
146 380
146 1467
146 1468
146 1104
146 1469
146 1470
146 1471
146 1472
146 1473
146 1474
146 1390
177 176
177 178
177 180
177 182
177 184
177 188
177 164
177 1475
177 193
180 1000
180 122
180 176
180 178
180 181
180 182
180 183
180 184
180 160
180 188
180 164
180 1475
182 893
182 173
182 1476
182 176
182 183
182 184
182 188
182 375
182 349
182 377
182 380
182 164
182 1477
182 1475
182 1083
182 807
182 1478
183 176
183 349
183 164
184 176
184 188
184 164
184 1479
225 1480
225 1175
225 1481
225 1171
225 475
225 147
225 1393
225 1482
225 1285
225 215
225 263
225 892
225 961
225 962
225 963
225 964
225 838
225 1410
225 1204
225 1415
225 1439
225 1440
225 1483
225 1484
225 1485
225 1486
225 1487
225 1488
225 1489
781 164
781 1490
781 1491
781 1492
781 1493
782 293
782 1094
782 523
782 1494
408 111
408 803
408 1283
408 553
408 1218
408 1340
408 566
408 417
408 355
408 1147
408 1495
408 787
408 1177
408 1496
408 839
408 790
408 918
408 1497
408 1498
408 270
408 1499
408 1500
408 271
408 1501
408 1502
785 834
785 1120
785 325
785 321
785 788
785 1503
785 789
785 790
786 434
355 210
355 906
355 405
355 1108
355 1396
355 793
355 479
355 281
355 1044
355 409
355 411
355 1001
355 412
355 1111
355 1078
355 1090
355 426
355 1504
355 1505
355 495
355 952
325 409
325 324
325 788
787 1506
787 1253
787 210
787 1096
787 444
787 1396
787 478
787 409
787 417
787 425
788 834
788 1120
788 547
788 1503
788 1507
788 789
789 1508
790 877
790 324
328 221
791 1509
793 499
793 443
793 444
793 871
793 346
793 938
793 1062
793 517
793 946
793 1510
793 1511
793 1512
793 1513
794 203
794 423
794 417
794 1514
794 267
794 1442
794 308
794 332
794 1515
794 1516
794 1517
794 1518
794 1519
794 1520
794 1521
794 1522
794 1523
794 1524
122 417
122 1124
122 1148
122 1525
122 1013
122 283
122 1526
122 923
122 934
122 1527
122 524
122 1245
122 1528
122 1529
122 1530
122 1531
122 1532
122 1533
795 417
795 230
795 1534
795 1240
797 863
797 867
797 868
797 869
797 870
797 1535
799 302
114 403
114 1482
114 809
114 358
114 421
114 812
114 530
114 348
114 374
114 375
114 376
114 349
114 350
114 377
114 1536
114 1537
114 380
114 240
114 1004
114 1538
114 1539
114 1005
255 895
255 169
255 263
255 189
255 1540
255 190
255 1541
255 1217
255 807
499 1014
499 1198
499 1041
499 315
499 1495
499 1542
499 1543
499 1544
499 1545
499 1546
172 153
172 405
172 319
172 1547
172 1548
172 215
172 1257
172 270
172 271
172 1037
172 272
172 1549
172 1224
172 1550
139 1551
139 1274
139 281
139 282
139 270
139 272
139 1552
801 111
801 117
801 482
801 553
801 483
801 554
801 914
801 484
801 485
801 1325
801 280
802 230
802 998
804 1553
804 1554
804 1555
804 1556
138 120
138 423
138 873
138 215
138 1042
138 1557
138 1558
138 1441
138 1559
138 392
138 333
138 1560
138 1561
138 1562
138 1563
138 1564
138 1565
138 1566
555 556
555 1567
555 1568
555 1569
555 1570
805 508
806 910
806 959
806 1170
806 1435
806 1008
806 1009
806 1436
806 918
806 1571
806 1572
806 1541
807 1573
807 1344
807 1574
173 1575
410 893
410 492
410 1576
410 1577
190 281
190 302
190 1578
190 189
190 1579
293 896
293 203
293 1506
293 552
808 434
808 909
808 1580
145 405
145 482
145 514
145 1581
145 1458
145 1023
145 1582
145 859
145 292
145 531
145 1042
809 521
809 158
809 530
809 1583
809 1584
809 1585
809 1586
547 439
547 1108
547 121
547 990
547 874
547 213
547 178
547 898
547 316
547 1587
547 1006
302 871
302 1432
302 230
302 496
810 415
810 1109
810 1240
811 1012
812 521
812 358
812 530
812 1588
530 403
530 240
530 1004
530 1589
530 1408
530 1590
530 1591
530 1592
530 329
814 403
386 434
386 1087
386 357
386 958
386 1593
386 1594
386 1275
386 1467
815 153
815 439
815 448
815 482
815 409
815 300
815 841
815 816
815 817
815 1045
815 842
815 819
815 1156
815 849
815 1595
816 1138
816 1140
816 841
816 1098
816 1099
816 818
816 820
816 821
816 845
816 846
816 848
816 849
816 1158
816 1164
816 1165
816 1596
817 1097
817 1138
817 1140
817 841
817 842
817 819
817 843
817 820
817 1156
817 1597
817 844
817 1157
817 821
817 845
817 846
817 847
817 1598
818 218
818 1138
818 1140
818 1098
818 1099
818 842
818 1201
818 848
818 1163
818 1158
819 1138
819 1140
819 841
819 842
819 843
819 1156
819 844
819 821
819 846
819 847
819 848
819 1163
820 842
820 821
821 842
821 845
131 822
131 823
131 824
131 316
131 826
131 827
131 828
131 829
131 830
131 831
822 823
822 824
822 825
822 316
822 826
822 827
822 828
822 829
822 830
822 831
822 1599
822 1600
822 1601
823 824
823 825
823 316
823 826
823 827
823 828
823 829
823 831
823 1602
823 1603
823 1604
824 411
824 316
824 826
824 827
824 828
824 829
824 830
824 831
824 1599
824 1605
825 439
825 448
825 1284
825 1176
825 1606
825 1109
825 1045
825 316
825 826
825 827
825 828
825 829
825 830
316 1607
316 834
316 562
316 1608
316 826
316 827
316 829
316 830
316 1599
316 865
826 827
826 829
826 830
826 831
826 1599
827 828
827 829
827 830
827 831
827 1599
827 1609
828 829
828 830
828 831
828 1409
829 830
829 831
829 1409
829 1600
830 831
830 1409
831 1600
831 1610
832 214
439 1611
439 440
439 559
439 1396
439 133
439 448
439 453
439 455
439 456
439 457
439 458
439 460
439 461
439 462
439 463
439 464
439 465
439 466
439 468
439 471
439 1284
439 1482
439 1612
439 409
439 1103
439 1606
439 1291
439 1086
439 348
439 376
439 380
439 1613
439 1105
439 1614
439 1615
439 1616
439 1617
439 1618
439 1619
559 153
559 434
559 448
559 453
559 455
559 456
559 457
559 458
559 460
559 462
559 463
559 465
559 466
559 468
559 1284
559 409
559 1103
559 1291
559 1620
559 1621
559 1086
571 440
571 1283
571 444
571 563
571 409
571 933
571 244
500 874
500 281
500 1249
500 383
500 1539
500 1622
500 196
500 1262
500 1623
247 989
247 221
221 1624
221 448
221 1625
221 545
221 882
221 292
221 1380
221 306
221 307
221 1626
300 1325
300 1112
300 1417
300 1400
300 1327
300 1328
300 1329
300 1418
300 1330
300 1331
300 1380
300 1420
300 1421
300 1422
300 1423
300 1332
300 1426
300 1428
300 1333
300 1336
300 1445
300 1627
300 1628
300 1629
300 1630
300 1631
300 1632
292 307
292 1633
305 1001
305 1201
305 1135
305 1202
305 1634
305 1635
210 1636
210 447
210 554
210 1176
210 880
210 1114
210 311
210 1135
210 167
210 1637
210 1638
210 1639
434 111
434 112
434 1640
434 1283
434 481
434 1101
434 441
434 1476
434 1196
434 1641
434 1021
441 481
441 554
441 485
441 564
444 111
444 438
444 552
444 440
444 1283
444 481
444 117
444 443
444 989
444 1320
444 415
444 990
444 1183
444 1396
444 1397
444 910
444 1231
444 466
444 1284
444 1142
444 975
444 545
444 1176
444 880
444 562
444 567
444 1341
444 1143
444 1078
444 320
444 1573
444 1599
444 1609
444 1642
444 1417
444 1643
444 1576
444 850
444 1622
444 1644
444 1645
444 1646
444 1647
833 205
833 1648
833 1649
833 1607
833 1650
463 218
463 440
463 133
463 1261
463 1651
478 538
478 1283
478 448
478 554
478 545
478 1176
478 566
478 1102
478 1342
478 1652
478 987
478 387
478 1208
478 1653
478 1654
834 203
834 1655
834 1624
834 877
834 421
834 1058
482 111
482 1000
482 1283
482 117
482 874
482 553
482 483
482 554
482 1339
482 1656
482 914
482 1285
482 484
482 556
482 485
482 1044
482 1657
482 545
482 1176
482 557
482 1296
482 1297
482 1298
482 1299
482 1300
482 880
482 1286
482 1567
482 1658
482 562
482 1659
482 1660
482 563
482 1022
482 1249
482 1568
482 1661
482 1349
409 111
409 1283
409 1171
409 117
409 459
409 462
409 466
409 554
409 158
409 545
409 1176
409 880
409 1658
409 1249
409 1349
409 566
409 1287
409 1102
409 1606
409 1652
409 517
409 1292
409 839
409 1303
409 1208
409 1653
409 1662
409 532
409 1663
409 1664
409 1665
409 1666
835 554
835 1667
836 462
836 554
836 545
836 1102
836 1652
836 572
836 1456
836 1292
836 1573
836 532
836 1427
836 1668
837 213
837 1114
837 1669
838 883
838 1509
839 1179
121 1012
281 171
281 1096
281 447
281 874
281 492
281 263
281 889
281 1410
281 851
281 1095
281 1019
281 1670
281 1671
557 909
557 556
557 915
557 558
557 1110
557 436
417 117
417 1429
417 490
417 483
417 562
417 1301
417 1504
417 1672
417 1454
417 1673
417 1674
417 1675
417 1442
417 1676
841 1001
841 1200
841 1144
841 842
841 1201
841 1135
841 1202
841 1203
842 1138
842 844
842 845
842 1677
844 1063
848 893
848 1200
848 1144
848 1201
851 403
851 1012
852 488
852 909
852 491
282 169
282 1678
282 189
282 883
282 1679
263 202
263 222
263 491
263 1680
263 1012
263 977
263 978
858 241
423 415
423 1624
423 452
423 1184
423 1117
423 1118
423 215
423 1240
423 1012
423 1681
423 918
423 1682
383 987
860 874
860 1249
860 1622
860 1683
860 1684
860 1685
860 1686
861 492
861 1687
536 949
536 1688
153 1100
153 442
153 1107
153 1551
153 466
153 1284
153 1689
153 1142
153 212
153 1690
111 552
111 448
111 553
111 483
111 554
111 909
111 1339
111 914
111 1285
111 485
111 1044
111 545
111 319
111 1134
111 1340
111 566
111 1691
111 567
111 1692
111 1287
111 1341
111 1693
111 1288
111 568
111 915
111 569
111 347
111 1694
438 440
438 443
438 1320
438 415
438 990
438 910
438 201
438 1695
438 1143
438 1321
438 1696
438 1642
538 178
538 1006
538 1697
539 1433
488 1198
488 874
488 890
488 891
488 966
488 1410
488 1205
488 1207
488 508
488 1211
488 1212
488 1214
488 1215
488 193
488 1698
949 909
949 1610
949 549
949 1509
949 1082
949 1699
949 1700
909 552
909 1283
909 1198
909 462
909 1176
909 1022
909 567
909 1102
909 570
909 1289
909 1291
909 1292
909 987
909 998
909 1701
909 333
909 1491
909 1702
909 1703
909 1704
909 1705
1610 1183
1610 1612
1610 549
1610 1509
1610 1082
1610 1706
1610 1707
1610 1699
1610 1708
1610 1709
549 1612
549 1710
549 1711
549 1712
1509 1082
1509 1713
1082 1706
1082 1699
1100 911
442 1551
442 1624
442 1714
1107 1198
1107 1689
1107 1142
1107 1715
1107 1716
1551 1717
466 1240
1284 440
1284 481
1284 1096
1284 1301
1689 1198
1142 236
1142 1009
212 420
212 1718
1690 1719
552 1283
552 481
552 459
552 554
552 1339
552 545
552 224
552 564
552 1134
552 567
552 1287
552 1342
552 1289
552 1466
552 1292
448 440
448 910
448 564
448 1363
448 1135
448 951
553 459
553 483
553 554
553 1339
553 1285
553 484
553 556
553 485
483 554
483 1339
483 914
483 484
483 556
483 485
554 1283
554 120
554 1396
554 459
554 479
554 1339
554 556
554 485
554 545
554 564
554 566
554 567
554 1287
554 1341
554 569
554 570
554 1342
554 1289
554 572
554 1290
554 1466
554 1720
554 1667
554 1363
1339 481
1339 485
1339 224
1339 564
914 484
914 485
914 1218
914 1721
485 1283
485 481
485 120
485 556
485 564
485 1134
485 566
485 567
485 1287
485 569
485 1102
485 570
1044 1171
1044 1396
1044 1722
1044 1109
545 481
545 1171
545 117
545 563
545 224
319 1547
319 1723
319 1548
1134 566
566 1283
566 481
566 224
566 564
566 569
566 1724
566 1725
566 1726
566 1727
1692 157
1692 1728
1692 1729
1287 481
1287 563
1693 440
1693 1516
1288 1730
568 1731
915 1349
915 1262
915 1732
915 1733
915 1734
569 893
569 1283
569 562
569 1399
569 1576
569 1735
569 1736
569 1737
347 1000
347 1171
347 1099
347 1681
347 1738
347 1739
1694 1283
203 1624
203 1184
203 556
203 215
203 1012
203 106
203 1185
544 556
544 1643
544 1295
544 1206
544 1740
479 481
479 459
479 1176
479 880
479 1102
479 411
479 387
479 1390
479 1208
479 1215
479 395
479 1741
479 1742
480 117
480 157
480 1176
480 411
480 387
480 1622
480 165
480 1208
480 395
480 1637
480 1743
546 556
546 1034
227 1109
227 411
227 1573
227 1744
227 1058
227 523
1283 481
1283 459
1283 563
1283 224
1283 564
1283 1103
1283 1606
1283 1342
1283 1652
481 1171
481 459
481 462
481 1176
481 562
481 563
481 224
481 564
481 1102
481 1466
481 1292
481 1745
459 563
459 564
459 1135
373 133
373 1746
373 1747
373 1748
373 1749
373 1750
373 1751
373 1752
224 143
224 1176
224 564
224 1292
224 215
224 1753
224 1754
564 462
564 1176
564 1102
564 1289
564 1466
564 1590
564 1613
564 1602
564 1037
564 1263
1103 440
1103 462
1103 471
1103 1024
1342 563
1135 460
1135 462
1135 1099
1135 1045
1135 1292
1135 1469
1135 1159
1259 239
1177 403
1177 137
1177 152
1177 491
1177 1755
1177 978
1121 321
1121 290
1121 1090
1121 1060
1121 1756
1121 1757
1121 1377
1121 1758
1121 1378
1121 327
1121 1379
1121 1380
1121 1381
1121 1759
1121 1382
1121 1383
1121 1384
1121 1385
1121 1386
1121 1760
412 910
412 411
412 890
412 1235
412 1170
412 1008
412 1009
412 1436
1170 1108
1170 910
1170 1435
1170 1008
1170 1009
440 443
440 460
440 461
440 462
440 465
440 468
440 474
440 1620
440 1615
440 393
440 1761
440 1762
440 1763
443 1764
443 989
443 1320
443 1096
443 415
443 990
443 1183
443 1396
443 1397
443 910
1320 415
1320 1231
1320 875
1320 911
1320 562
1320 233
1320 1063
1320 1765
1320 1766
415 320
415 1765
415 1766
415 1767
990 988
990 1456
990 882
910 989
910 880
910 1249
910 572
910 230
910 165
910 1436
910 1768
910 1190
910 1494
910 1769
910 1770
910 1771
201 1240
201 106
201 107
201 1772
201 1773
201 1774
201 1775
201 1776
1695 447
1695 1013
1143 989
1143 1137
1143 864
1143 1120
1143 419
1143 1777
1143 1778
1143 1779
1143 1780
1143 1781
1143 1782
1143 1783
1143 882
1143 233
1143 1784
178 176
178 911
178 1006
178 164
178 1697
1006 1697
1006 1785
1433 1786
1433 1459
1433 1787
1198 1715
1198 435
1198 491
874 521
874 137
874 1076
874 491
874 1456
874 1012
874 1583
874 1584
874 1152
874 1326
874 1557
874 977
874 1788
874 1755
874 1789
1410 405
1410 975
1410 1076
1205 493
1205 1790
1205 1791
1207 948
508 980
508 1792
1212 493
1214 1237
1214 1038
1214 405
1698 403
1611 1786
1611 1194
1786 142
1786 893
1786 1480
1786 1175
1786 1481
1194 1237
893 133
893 1793
893 357
893 894
1480 1175
1480 1794
1480 980
1175 1481
1175 158
1175 1794
1175 267
1175 1795
1175 1796
1396 1176
1396 1249
1396 1652
1396 1208
1396 1617
1396 1797
1396 1245
1396 1798
1396 1799
133 462
133 1066
453 472
453 1117
453 864
453 1777
453 1778
457 391
457 1800
460 521
460 1202
462 472
462 1117
465 912
465 492
1482 989
1482 447
1482 911
1612 1746
1612 1801
1612 1802
1606 1086
1086 922
1086 1735
348 374
348 380
376 374
376 380
380 1659
380 358
380 374
380 349
380 350
380 377
380 1588
380 1060
380 1083
1613 1172
1613 1183
1793 1022
1793 1803
1793 1804
357 1087
357 1106
1459 405
1459 269
1459 1569
1459 1805
1459 108
1459 1065
1459 1806
1459 1526
1459 1807
1459 1570
1794 215
1794 918
1794 1245
158 988
158 521
158 447
158 1114
158 1122
158 1127
158 1455
158 1432
1199 1076
1199 1808
1001 1000
1001 1097
1001 1064
1001 1002
1001 1003
1001 1160
1001 1164
1001 1236
1001 1809
1200 1097
1200 1138
1200 1140
1200 1158
1200 1385
1144 1098
1144 1099
1144 1163
1144 1158
1201 218
1201 1138
1201 1140
1201 1099
1201 1163
1201 1158
1201 1161
1201 1236
1201 1596
1201 1810
361 1002
361 1811
1202 1159
1202 1812
1203 1000
1203 1002
1203 1003
266 403
266 514
266 1179
266 1012
266 1813
266 1814
266 1815
1208 563
1208 1301
1209 1054
895 169
895 1000
895 128
169 1173
169 1079
169 1578
169 189
169 1816
169 1540
169 1220
169 1817
1000 1064
1000 1002
1000 1003
1000 1809
128 403
128 495
128 496
128 108
128 1431
128 497
128 1818
128 1819
1173 902
1173 529
1173 1820
1173 1821
1173 1578
1173 189
1173 1816
1079 1078
1079 1578
1079 189
1079 1822
1079 1558
1578 1096
1578 189
1578 1816
1578 1540
1578 1823
189 149
189 531
189 1824
189 1825
1220 143
1220 147
1220 248
1817 1826
1817 1827
1064 1240
1064 954
1064 1002
1064 1003
1002 1003
1002 1160
1002 1828
1002 1829
1003 1539
896 117
896 215
896 898
896 882
896 1830
896 1831
897 877
897 1040
897 898
898 988
898 881
898 882
898 992
898 900
898 1271
882 879
882 117
882 877
882 987
882 1338
233 117
233 937
899 117
403 1832
403 1123
403 495
403 362
403 1257
403 1065
403 270
403 1189
403 1262
403 1797
403 497
403 1833
403 1089
403 1834
403 1835
403 1836
403 1837
403 1838
403 1839
495 496
495 1805
495 1065
495 1370
495 1819
496 1558
496 497
496 1017
1219 230
188 531
265 906
265 999
265 946
265 333
265 1840
265 1491
1221 218
1221 171
1221 1022
1221 1813
270 202
270 106
392 147
392 248
392 1841
1227 405
1227 975
1227 1842
1014 218
1014 1843
1014 516
1041 1844
1041 248
1041 431
1041 1087
315 1012
315 166
1495 1845
218 149
218 248
218 1240
218 1744
218 1496
218 1257
248 1830
248 1846
248 1549
248 1847
1240 144
1240 1660
1240 186
1240 1848
1240 228
1240 987
1240 1054
1240 1849
1240 1850
1240 1851
1240 1852
1240 1528
1240 1853
1240 1854
1240 1855
1240 534
1496 186
1496 999
1496 331
1496 498
1496 1856
1496 1668
1257 1580
1015 1857
391 1022
908 1858
1021 984
1021 1859
1022 137
1022 215
1022 1012
1022 977
1022 1058
1022 1454
1022 1512
1022 1860
1023 1581
1028 904
1029 1539
1029 1178
1029 1861
107 106
107 1862
107 1400
107 1863
107 1391
107 1864
107 1865
1866 1075
1866 1867
1866 1868
1868 1716
1868 1754
1716 472
1754 472
1506 1658
988 117
988 877
988 992
204 1722
204 215
204 1869
246 1746
246 1870
246 1871
143 1746
143 1179
143 946
143 1484
143 1846
143 330
143 1872
143 1873
143 1874
1324 1875
879 117
879 1358
879 1830
879 1460
879 1674
879 1846
879 884
879 523
879 1876
879 1877
879 1192
879 1878
1253 1658
1253 492
1253 1830
1253 1673
1253 1442
1253 1875
205 1830
205 940
205 1879
205 1880
205 1881
205 1882
205 1883
411 1171
411 1108
411 1109
411 228
1098 1109
117 137
117 911
117 912
117 1337
117 1078
117 983
117 236
117 1152
117 1557
117 1755
117 1081
117 1271
117 1454
215 213
215 1432
215 1848
215 418
215 1179
1830 425
1830 1357
1830 428
1830 1008
1624 1884
1624 1184
1184 1012
556 200
556 558
1012 531
1012 1558
1012 1731
1012 1682
1012 1885
1012 1886
1012 1887
1012 1888
1012 1889
1012 1890
106 1365
106 420
106 1402
106 283
106 1439
106 1891
106 1863
106 1241
106 1892
106 1893
106 1894
1658 917
1094 1659
1094 1588
523 240
523 1747
1494 517
1289 200
1289 912
1466 1077
1292 1171
877 881
877 1783
877 992
877 1895
877 1896
877 1897
877 1898
992 1051
1722 222
1869 1899
911 489
911 1231
911 562
911 1249
911 1400
911 1900
1120 989
321 290
321 1188
321 1901
1746 1717
1746 200
1746 872
1746 147
1746 1902
1746 1903
1746 1904
1870 147
1179 1571
1179 1569
946 906
946 871
946 346
946 1062
946 1510
946 1511
946 1905
946 1906
1484 1061
1846 147
330 1141
330 1438
330 1907
330 1908
330 1909
330 1910
1873 493
290 1090
290 1060
290 1756
290 1757
290 1377
290 1758
290 1378
290 327
290 1379
290 1380
290 1381
290 1759
290 1382
290 1383
290 1384
290 1385
290 1386
290 1189
290 1388
290 1911
1090 1188
160 1650
1188 1060
1188 1756
1188 1757
1188 1377
1188 1758
1188 1378
1188 327
1188 1379
1188 1380
1188 1381
1188 1759
1188 1382
1188 1383
1188 1384
1188 1385
1188 1386
1188 1388
1188 1425
1060 1912
327 1783
327 1913
327 1914
1380 1189
1382 1189
1358 115
1358 1191
1358 1678
884 166
1192 1915
1878 492
1878 1916
1878 1702
1878 1251
492 186
492 1148
492 1634
492 1490
492 1917
492 1918
492 1919
492 1920
989 1921
989 864
989 419
989 1777
989 1778
989 991
989 881
989 1779
989 1780
989 1781
989 1782
989 1783
989 232
989 1922
989 983
1879 1923
1883 1579
1924 1832
1924 1925
1924 341
1924 1636
1924 1655
1924 944
341 1655
1636 1655
1636 1038
944 428
1038 171
1038 1262
1038 1926
1038 1927
428 1037
1123 999
362 214
362 883
1065 1805
1065 1526
1065 1370
1065 244
1262 159
1262 987
1262 1399
1262 498
1089 1928
998 1146
998 230
998 1680
998 1534
998 1929
998 1930
998 1931
998 1932
998 1933
998 1514
998 1934
1389 1935
1389 1936
342 562
342 1151
342 1937
343 1904
171 987
171 1926
171 1938
447 213
447 1393
447 1625
447 1076
447 863
447 1939
447 1940
1176 213
1176 1941
880 159
880 1842
1114 213
1114 563
1114 249
1114 1669
1114 1942
1114 1943
901 1944
902 873
902 514
902 1353
902 1354
902 529
902 1820
902 1821
521 1583
521 1584
521 1585
521 1586
521 1945
521 1946
521 1947
521 1948
903 176
903 1701
144 1949
904 1241
904 1950
904 1951
905 1034
905 1241
905 1950
905 1952
906 1953
906 1954
906 1955
405 271
405 1956
405 1957
405 1255
873 987
873 1353
873 1354
873 1356
873 425
514 1476
514 1408
514 531
514 1905
514 1958
514 1959
1586 1634
562 1249
562 917
562 935
562 1454
562 1960
574 1961
1058 1468
1058 1244
1058 978
176 181
987 1232
987 1723
987 1962
987 1963
987 1964
1938 1668
393 1841
1763 1512
271 202
272 202
1241 1580
922 1435
922 1965
1254 493
1254 1966
864 1782
864 1783
866 1967
1953 1505
1575 948
1956 886
1956 331
1956 1968
112 1969
112 1970
112 1640
1476 1971
1171 1102
1171 1078
1171 1112
1174 1972
1174 932
1108 1136
1108 1112
1108 1643
1108 1862
1108 1469
563 1652
563 532
563 395
1652 1941
1580 1973
1580 1974
1087 958
1087 1594
958 331
1275 1975
1362 1976
955 427
955 957
955 250
1971 531
1971 1889
435 1972
435 999
435 887
435 1277
435 1278
435 1279
435 1826
228 1096
228 239
228 1573
230 1680
230 1977
230 385
230 1534
436 1978
984 1246
1859 1979
1714 1429
1714 1980
1715 875
558 1568
1078 1109
1078 1080
912 1249
913 1981
916 387
916 1662
883 163
883 1982
918 1432
932 1576
934 1249
934 524
935 1983
935 1984
1643 1183
1972 310
1136 1109
1862 1183
421 1985
421 1986
374 349
374 350
374 1588
374 1987
1538 195
1538 1988
137 333
137 1491
983 1897
1557 1407
1081 1080
1271 1490
1525 1096
1013 1989
283 1490
283 1168
283 1169
1527 1365
1245 517
1245 1990
986 1991
1992 1093
1992 1993
1992 1994
871 1511
239 1039
239 387
239 1995
239 1996
239 1997
1764 1998
1764 1999
1764 1648
1998 1648
1998 2000
2000 1109
2000 1338
1096 1430
1183 1302
1183 1608
1397 2001
1109 1137
1109 1139
1109 1326
1109 1829
1109 2002
1338 1326
1338 1335
1338 2003
1338 2004
1338 2005
1338 2006
451 452
451 472
451 1115
451 1116
451 1117
451 1118
451 1119
451 997
451 2007
451 1681
451 2008
451 2009
452 472
452 1115
452 1116
452 1117
452 1118
452 1119
452 2007
452 1681
452 2010
452 2008
452 2009
452 1435
472 1115
472 1116
472 1117
472 1118
472 1119
472 2007
472 1681
472 2010
472 2008
1921 2011
1777 1783
881 157
1780 1783
1782 1783
1783 2012
1783 2013
232 1436
232 2014
232 2015
232 2016
875 2017
875 2018
875 2019
1063 1393
1063 1749
1063 2020
1063 2021
1063 2022
1765 320
1766 320
320 1767
320 2023
1456 1884
1456 1138
1456 2024
975 1644
975 1928
1599 1607
1599 1608
1576 1490
1576 2025
1576 1683
1302 206
1302 1297
1302 1457
1608 1607
1608 1322
572 200
1294 2026
1249 159
1249 886
346 1508
346 1513
346 2027
938 147
938 2028
938 1976
938 2029
938 1935
938 1062
938 2030
938 1407
938 2031
938 2032
938 2033
938 2034
938 2035
938 2036
938 2037
1062 517
517 1138
517 1559
517 2038
517 533
517 2039
517 2040
517 1857
1511 1504
1436 1435
1436 1008
1436 1009
1768 2041
1190 1039
1190 977
1390 1432
1390 2042
135 2043
135 2044
147 1976
147 2045
147 2046
150 2047
151 965
151 2048
213 1669
157 1728
157 1729
157 1577
159 1274
163 2049
164 181
166 202
181 1191
181 2050
181 1916
181 2051
353 2052
353 2053
310 1976
953 427
939 1667
939 387
939 1077
939 2054
509 284
1246 2055
1248 1928
1248 2027
997 1119
997 1250
997 2056
1250 2056
200 1587
200 1477
200 2057
202 2058
954 427
954 957
954 250
333 1042
333 978
333 1840
333 1491
333 985
333 2059
333 2060
333 2061
1491 280
1491 1042
1491 978
1491 2062
1491 1676
1491 947
1491 985
1491 2059
1491 2060
1491 2063
1491 2064
1491 2061
1491 2065
1042 2066
1042 2067
1042 2068
1558 2069
1441 985
1441 1990
1559 241
1560 2070
1088 2071
491 235
491 1461
1717 1009
1717 1335
1717 2072
1399 1827
1115 1116
1115 1117
1115 1118
1115 1119
1115 2073
1115 2007
1115 1681
1115 2010
1116 1117
1117 1118
1117 1119
1117 2007
1117 1681
1117 2010
1117 2008
2008 1435
1435 1008
1435 1009
1435 2074
1435 2075
206 1296
206 1297
206 1113
206 1304
206 2076
206 1305
206 2077
206 1276
206 1306
206 1307
206 1308
206 1309
206 1310
206 1311
206 2078
206 1312
206 1313
206 1314
206 1315
206 2079
1296 1297
1297 1299
1297 1304
1297 1305
1297 1276
1297 1306
1297 1309
1297 1310
1297 1311
1297 1313
1297 1314
1297 1315
1297 2079
1301 982
1301 1366
1301 1848
1301 387
1301 1662
1301 2080
1113 2081
387 1366
387 1167
1009 1008
1111 1581
324 323
324 2082
324 2083
324 2084
420 418
420 2085
1719 2086
872 1902
872 2087
872 2088
872 2089
872 2090
872 2091
872 2092
872 2093
872 2094
872 2095
876 2096
876 2097
948 2098
207 2099
1587 2100
1587 1477
1587 2057
2057 2101
1772 2025
533 2102
1902 2087
1902 2088
1902 2089
1902 2090
1902 2091
1902 2092
1902 2093
1902 2094
2087 2103
2094 2103
425 2104
1669 249
1669 2105
1151 2106
1151 2107
360 2108
367 982
367 1366
486 2109
1508 1166
1581 2110
1468 2111
1976 2112
1976 2113
1976 2029
1976 1935
1374 1167
1375 1167
1191 1357
1191 1359
1191 332
1191 2114
1191 2115
1191 2116
1478 2117
1478 2118
1478 2119
1478 2120
1479 2121
1657 1803
1567 1747
222 2122
1928 2106
956 427
427 960
1278 1279
982 2123
999 1125
999 1367
1127 1634
1127 2124
1011 235
1455 1457
1432 2125
976 1407
976 1962
981 2126
2127 2028
2127 1040
2028 1040
1407 2128
1903 2129
1903 2130
1903 2131
1903 2132
1903 2133
1904 2134
1904 2135
2129 2130
2129 2132
2128 2136
1408 1054
1408 1589
1958 1051
1457 1811
1457 2086
1462 2137
1463 1092
235 1007
280 1841
1803 2138
1803 1804
1569 1570
1569 1370
1841 1518
1724 2139
1415 2140
1415 2141
1415 2142
1485 2143
244 2020
1672 2144
1077 2145
1668 498
1668 1856
1416 1517
1416 2146
1505 2023
1505 2147
1139 1848
493 1684
493 2148
1634 2149
1490 1492
396 2150
397 2150
1138 1140
1141 1166
1141 1908
1141 1909
1141 1910
1141 2151
1601 2152
1601 2153
1757 2154
1154 2155
1155 1092
331 2156
1168 2157
1168 2158
1169 2157
1908 1438
1909 1438
1910 1438
1910 1966
1857 2159
1355 2160
1355 2161
518 2162
1051 2163
1051 2164
1051 2165
1054 1534
1054 2166
1061 1711
1061 2167
1844 2168
1844 2169
1844 2170
1844 2171
1844 2172
2168 2172
2169 2172
2170 2172
2171 2172
241 2157
1849 1687
1370 1807
250 2173
1840 2174
1840 2175
1357 1360
1361 2176
1361 2177
1361 2178
329 2179
1889 2180
1890 2102
1084 2181
1975 1968
2152 2153
2152 2182
1827 2183
2026 2184
2026 2185
522 2186
522 2187
1813 284
1813 2188
1813 2189
1815 2188
1856 2190
2049 2062
2144 2191
2144 2192
2144 2193
2144 2194
2144 2195
1711 1712
1711 2196
520 2197
520 2198
1687 2199
1687 2200
1687 2201
1687 2202
1792 2203
1091 2204
1515 284
1967 2205
1967 2206
1967 2207
1967 2208
1967 2209
1967 2210
1448 1449
1448 1450
1968 2211
1968 2212
1923 2213
1535 2214
1535 2215
432 2216
2216 433
433 2217
433 2218
433 2219
2197 2220
2150 2221
2070 2222
2070 2223
