0 1
2 3
4 5
0 6
7 8
9 10
11 12
13 14
15 16
17 18
19 6
15 20
0 21
9 22
23 24
9 25
26 27
19 1
28 25
29 12
30 27
15 31
32 33
28 10
34 35
9 36
37 1
30 38
39 40
28 41
30 42
9 41
43 44
45 46
47 42
23 48
49 8
50 51
52 53
9 54
55 42
56 57
15 58
59 60
26 61
62 63
64 65
66 67
47 27
68 69
70 71
72 73
74 75
76 77
55 27
30 78
79 10
37 80
28 22
26 81
52 82
83 84
85 86
37 75
87 88
89 1
90 91
92 93
94 95
43 96
97 13
9 98
99 84
100 6
26 101
55 78
102 5
103 104
4 51
26 105
66 106
37 107
9 108
109 110
9 111
112 74
28 113
9 114
15 115
116 13
26 42
89 117
118 119
37 120
121 13
96 122
123 124
55 81
7 125
126 127
128 129
0 130
131 132
133 10
7 134
135 13
136 137
138 13
26 139
74 112
47 38
28 140
77 76
68 141
142 143
144 27
72 127
145 146
72 126
147 69
28 148
51 149
26 144
150 151
152 153
123 93
50 149
55 144
154 155
30 156
17 157
100 1
158 159
28 160
30 61
161 162
47 30
103 163
128 164
0 165
32 73
30 101
37 6
126 166
167 168
150 169
4 170
4 162
171 172
173 75
37 21
174 175
37 176
123 177
173 178
121 179
180 181
4 149
9 182
183 86
23 184
183 185
37 186
109 187
7 188
131 189
190 191
9 192
32 8
66 193
59 194
195 196
197 198
136 199
30 144
200 201
144 81
202 203
9 160
204 134
43 205
142 206
55 101
37 207
112 208
209 5
109 210
28 54
32 211
212 8
150 213
214 215
216 217
30 218
55 219
174 220
173 221
200 222
223 224
50 225
47 78
23 106
9 208
226 227
37 228
229 217
202 230
231 232
89 233
234 235
9 236
133 25
90 237
238 239
9 240
135 241
72 166
242 243
126 244
245 84
89 246
47 61
94 16
247 248
23 249
28 98
9 250
74 251
89 252
47 101
55 61
253 254
253 73
52 255
154 256
55 156
257 93
131 258
94 259
28 260
261 262
49 222
263 35
32 264
242 93
9 265
266 86
102 267
268 146
269 214
50 270
47 218
47 156
13 179
271 223
272 273
37 274
133 148
124 162
67 121
19 21
231 275
49 259
89 276
204 191
253 266
37 251
77 117
277 278
154 279
280 281
72 282
283 222
9 284
50 285
51 286
190 287
28 208
288 289
2222 2223
253 290
291 292
293 226
4 285
28 294
7 295
4 296
26 156
37 297
174 298
144 42
299 84
300 36
301 302
39 303
255 82
231 304
94 8
209 170
305 306
79 54
307 306
30 81
56 308
309 49
268 232
9 310
311 312
197 313
314 315
9 148
316 317
291 106
318 319
32 320
318 321
322 323
72 264
324 95
144 55
223 325
26 326
327 217
200 16
49 16
197 181
223 328
37 48
23 198
329 330
131 331
332 333
334 335
336 337
338 339
9 340
341 196
171 342
343 40
126 344
169 345
26 346
55 218
347 348
349 350
26 55
66 313
94 188
109 351
352 353
79 148
336 354
231 355
202 95
356 267
89 357
136 358
173 359
360 361
79 362
91 363
364 152
197 339
89 365
52 366
9 367
291 368
369 214
301 370
371 217
13 372
183 373
374 96
26 38
375 152
289 361
376 377
126 282
51 296
378 379
72 244
47 81
380 381
375 382
339 196
94 203
2 383
28 108
9 186
74 384
37 385
28 114
56 386
316 266
311 387
94 224
112 388
204 353
55 346
389 316
336 390
9 113
268 355
15 391
138 121
392 55
30 326
37 393
79 98
200 394
395 396
70 397
339 350
126 92
398 84
121 372
9 294
79 41
399 400
91 401
349 402
238 403
126 404
9 405
327 216
406 407
2225 2226
55 408
30 346
223 409
343 410
45 411
161 412
261 413
7 353
131 414
103 415
9 416
311 417
174 418
195 350
4 419
37 420
109 48
112 421
422 219
180 423
4 225
424 371
100 146
174 425
202 426
70 313
283 427
37 428
37 429
91 430
51 431
51 270
50 286
37 432
28 433
49 434
435 93
133 208
341 266
4 436
197 196
437 438
142 439
309 134
102 440
123 217
131 441
442 443
444 445
28 446
231 447
11 448
289 336
449 450
49 353
263 451
9 140
452 359
50 453
32 454
204 290
352 129
255 52
9 455
456 318
457 217
458 259
4 459
4 460
26 78
37 461
462 198
128 463
209 51
32 436
464 65
465 466
211 467
468 189
469 470
128 104
268 275
341 350
167 471
72 164
472 428
37 473
309 353
268 474
269 475
424 315
437 436
33 217
126 476
77 308
190 477
94 478
79 25
318 479
0 480
51 459
283 434
158 57
94 481
482 483
305 484
311 485
197 486
2 75
469 84
79 284
133 260
458 266
79 160
291 487
0 19
195 402
124 93
32 290
464 488
347 489
173 393
490 8
268 491
492 162
371 443
197 493
94 494
495 363
126 496
79 52
124 412
49 497
343 91
305 353
498 48
271 499
456 350
500 501
70 502
283 503
94 201
266 373
231 504
505 506
4 507
332 508
47 509
66 510
94 61
28 236
79 208
76 471
2219 2218
118 511
171 512
154 513
55 47
495 514
100 134
102 515
516 465
311 517
15 397
518 519
437 520
234 521
109 162
123 522
300 523
356 177
219 65
4 524
49 525
85 373
197 106
526 527
283 246
528 529
32 193
277 519
79 310
76 530
531 532
51 225
50 533
167 106
70 534
136 267
437 535
190 536
37 537
34 65
505 66
293 336
219 465
538 539
26 509
472 540
144 30
242 435
2233 2234
200 541
49 542
526 533
543 121
66 121
544 545
309 546
150 345
28 310
200 230
547 216
197 249
173 429
438 548
289 549
223 499
288 336
214 550
180 397
212 95
89 427
158 551
552 553
341 554
49 555
32 164
72 556
495 557
109 558
161 518
49 189
47 326
360 559
45 152
121 67
109 292
43 560
268 561
200 562
118 563
564 565
51 285
74 566
437 567
568 196
66 505
498 217
569 570
253 124
268 207
0 109
371 571
442 371
197 572
136 16
465 516
471 468
573 574
575 576
109 368
458 577
245 578
123 129
9 579
79 580
133 581
133 582
291 397
583 301
456 554
349 584
585 57
66 586
94 117
211 587
37 588
589 350
9 590
79 405
128 591
128 551
329 592
4 475
50 593
62 594
89 494
45 595
468 331
109 432
352 596
118 597
183 598
599 343
575 600
2235 2236
37 130
544 601
102 533
602 308
603 604
19 165
72 454
315 406
52 605
94 606
37 165
422 607
217 608
435 609
200 610
531 611
371 216
89 95
47 346
612 613
66 534
37 22
422 13
435 92
603 573
614 564
49 615
277 616
70 617
204 618
204 619
30 509
2 427
123 620
291 621
128 622
7 623
624 306
349 625
392 339
395 626
70 627
405 485
144 156
23 628
291 629
268 630
200 631
4 632
327 548
85 633
212 331
136 634
468 635
217 636
544 152
28 637
28 638
183 639
640 641
322 642
50 397
277 643
204 644
314 521
28 36
72 521
347 645
575 646
55 647
648 649
37 650
64 636
336 289
79 651
231 561
505 652
183 653
492 507
50 654
197 350
472 655
109 656
569 657
79 658
329 659
15 219
74 660
442 217
543 631
96 661
102 662
123 663
17 349
180 664
424 443
32 665
72 666
136 8
204 667
612 668
52 669
234 670
37 671
229 608
161 672
174 91
180 673
582 674
146 675
173 676
283 497
94 222
245 495
352 677
123 678
28 679
76 57
680 681
180 682
640 146
624 577
380 683
19 684
146 619
47 408
685 686
360 687
568 350
52 688
190 689
144 218
211 690
245 691
133 160
291 692
91 90
118 693
4 694
492 695
696 26
77 494
173 697
283 16
66 698
94 394
2228 2229
699 700
37 701
9 176
79 140
311 380
257 702
318 703
531 704
492 705
147 152
332 706
204 707
708 709
543 203
144 78
43 710
123 711
174 712
713 24
124 435
492 193
171 714
74 57
526 481
204 715
2225 2224
716 717
718 719
234 519
66 506
211 720
96 560
458 721
43 661
336 722
79 182
133 108
2222 2221
195 723
183 724
624 725
49 642
599 726
526 727
55 38
482 728
109 507
83 95
214 729
193 730
300 731
300 22
732 618
4 0
327 608
77 75
197 682
359 497
468 471
128 665
56 48
193 632
66 733
339 625
498 443
458 652
214 734
564 267
322 735
77 507
197 736
136 532
211 663
109 737
589 518
458 539
123 417
15 738
732 548
93 636
50 739
89 740
136 357
307 313
68 686
559 741
13 742
112 743
309 744
102 745
314 308
123 216
79 416
195 746
747 636
171 8
50 296
72 748
62 631
444 222
749 656
144 750
699 751
435 686
752 443
161 632
64 753
200 95
505 754
74 755
756 611
204 689
37 757
37 758
759 607
352 104
261 760
123 520
291 761
231 268
200 75
202 494
456 196
445 762
547 315
437 763
437 534
144 594
764 765
33 766
13 121
126 767
64 768
56 769
452 641
202 134
531 222
180 618
395 167
26 47
49 763
756 770
89 771
30 772
94 773
109 774
229 775
268 776
399 777
180 778
380 517
49 779
70 698
234 704
66 778
94 230
316 159
458 725
435 780
133 405
516 781
87 574
193 700
300 350
369 782
49 707
167 736
72 51
685 783
55 26
94 784
100 785
786 787
9 350
788 719
268 304
268 447
268 789
15 790
202 507
369 791
792 793
371 620
50 682
173 794
283 795
375 69
45 796
37 797
13 71
253 264
261 798
291 673
516 799
300 721
50 431
800 801
802 803
498 620
253 129
788 804
268 805
399 719
374 806
807 808
89 75
685 809
283 484
283 394
437 397
154 244
339 810
339 811
97 563
109 812
109 813
389 219
814 465
161 815
28 816
133 310
516 636
174 817
180 313
456 818
492 350
77 63
197 778
526 819
234 164
94 820
94 821
266 246
211 822
37 823
352 164
9 816
0 162
183 824
70 825
72 129
204 13
52 826
13 533
23 118
23 486
245 827
352 642
43 122
9 196
79 828
133 829
193 815
17 91
456 830
39 831
442 832
833 156
687 559
212 524
147 633
283 8
437 502
2 357
468 295
443 301
100 75
34 681
102 834
123 835
9 362
79 836
505 837
202 61
531 481
124 815
180 838
219 839
49 21
89 6
526 781
568 625
749 292
266 691
840 746
121 841
96 842
109 843
759 844
261 574
123 293
123 845
291 774
200 308
202 539
846 106
847 848
322 849
50 686
19 212
464 850
211 851
37 852
37 384
100 853
100 854
422 855
309 222
135 856
79 236
516 725
7 857
174 858
200 859
531 427
62 203
62 45
47 144
307 688
568 818
152 210
266 63
764 860
161 861
161 758
311 621
862 622
180 698
624 863
301 436
349 864
696 819
26 218
19 865
866 59
543 117
52 427
468 867
126 868
9 836
2219 2217
505 542
0 869
640 746
380 870
847 686
72 642
62 564
543 539
360 686
144 101
96 651
109 871
112 363
490 454
161 872
123 801
788 873
531 874
792 875
756 95
876 574
543 877
283 878
211 879
96 880
881 217
79 199
76 819
0 804
882 874
464 883
464 884
756 831
47 885
234 681
94 503
109 886
109 887
100 21
498 6
34 888
309 95
309 889
245 890
352 695
891 892
150 267
311 629
231 697
445 548
322 893
171 5
62 894
147 607
876 854
283 895
142 598
123 642
9 896
79 897
7 681
200 494
505 898
792 750
456 124
899 900
901 607
70 673
756 655
876 902
375 903
55 772
34 892
458 904
245 667
29 905
356 906
882 848
124 907
197 621
908 203
147 397
47 909
30 910
339 911
94 804
37 912
79 113
174 339
452 913
91 532
74 914
915 916
756 917
72 622
62 152
136 918
444 203
66 825
559 145
97 212
498 649
389 919
123 851
123 235
272 700
77 920
212 267
147 18
716 482
30 783
339 584
94 527
238 152
266 921
37 922
37 146
109 923
135 481
7 924
193 925
202 859
531 926
927 350
219 928
19 48
72 929
526 930
30 408
863 518
123 931
200 932
0 146
293 933
197 397
72 1
136 301
234 857
92 848
55 618
94 934
266 484
37 935
316 936
150 611
291 572
268 937
180 627
492 622
696 644
74 292
49 331
77 222
283 859
52 795
234 830
94 867
45 938
468 507
23 67
422 644
253 939
352 507
28 940
9 1
59 692
257 941
505 942
195 943
167 944
136 633
444 945
154 496
30 47
66 946
648 286
245 947
245 520
123 948
150 949
79 950
193 951
200 527
180 952
180 953
50 954
77 530
167 955
756 246
72 596
204 956
92 746
66 198
343 681
123 831
79 957
788 519
0 412
293 700
131 804
492 958
50 959
378 895
756 580
89 181
568 960
94 961
97 895
37 109
23 737
498 24
123 962
28 207
291 313
145 963
7 167
311 292
180 964
965 366
74 48
833 144
72 344
66 966
764 266
102 967
123 92
28 523
79 114
79 968
79 260
128 750
293 831
456 625
209 460
4 969
146 118
876 686
612 57
37 829
268 581
15 970
193 971
972 973
582 974
301 507
226 104
74 975
277 619
866 976
543 735
190 977
66 978
102 357
261 979
231 980
87 519
531 981
582 72
322 542
49 867
277 681
197 586
756 546
72 982
173 873
334 983
126 629
309 642
150 672
150 984
79 176
79 985
788 289
174 986
231 731
15 987
216 286
582 988
927 989
2229 2227
50 295
197 990
70 586
136 427
359 542
109 632
309 991
245 992
528 246
786 691
123 746
291 993
311 692
257 994
257 995
257 462
200 996
131 582
180 997
792 998
4 999
49 267
77 1000
334 454
52 222
154 1001
37 1002
814 430
309 427
102 1003
490 129
490 24
261 65
123 1004
79 446
79 612
398 1005
268 730
531 976
91 343
183 686
124 1006
180 493
800 1007
802 84
70 1008
70 682
72 610
234 1009
94 497
97 479
126 550
309 293
309 981
133 232
788 574
268 1010
2219 2220
456 1011
901 644
901 520
72 1012
1013 518
716 1014
30 1015
66 1016
359 331
211 1017
37 975
253 104
123 1018
123 421
9 1019
564 1020
17 1021
1022 819
1022 134
380 751
77 930
378 766
70 428
72 668
89 1023
173 1024
543 494
437 313
158 290
266 251
100 1025
314 758
123 1026
150 293
9 1027
79 1028
133 140
133 1029
202 631
202 577
492 578
70 613
756 267
89 1030
204 1031
876 145
266 681
498 75
1032 799
1033 1034
261 223
231 776
15 887
195 1035
293 626
180 534
349 1036
50 1037
50 962
800 750
72 476
866 681
89 1038
144 346
97 731
316 1039
253 831
352 1040
9 433
79 1041
200 203
200 48
118 1042
180 1043
209 475
378 1044
378 1045
543 795
437 736
242 1046
266 427
764 956
37 1047
352 622
123 618
150 636
79 816
291 1048
56 930
56 1049
0 1050
492 625
371 959
50 459
50 1051
167 1052
756 117
334 366
685 1053
339 340
359 1054
37 1055
83 162
668 10
291 534
291 733
311 628
268 632
90 1056
456 618
456 1057
1058 316
226 750
442 857
77 932
197 1059
866 959
1060 856
2 610
112 292
309 497
245 507
150 546
174 267
680 1051
0 632
846 751
17 848
167 1061
167 673
708 1062
444 1063
52 426
52 251
158 1064
66 673
97 663
109 628
569 479
150 8
79 1065
133 236
15 1066
602 758
167 295
613 1067
72 954
173 1068
47 1069
437 1070
764 617
462 586
752 1071
150 61
28 581
56 1072
15 1073
531 293
0 1002
564 35
1022 1045
26 408
77 292
197 953
136 259
457 731
190 1074
66 1075
109 436
498 684
28 240
79 1076
56 766
231 805
200 1077
180 1078
4 412
500 1079
74 628
32 244
77 541
444 331
37 24
495 164
23 1080
123 1081
128 121
583 13
0 856
17 1082
792 1083
171 551
49 1084
1085 48
613 758
756 8
756 735
136 539
204 193
1013 1086
47 772
211 1046
468 46
309 1087
102 266
161 617
528 171
9 1088
133 950
291 627
128 42
15 1089
300 582
202 895
131 440
4 1090
226 962
371 1046
89 107
600 1091
876 746
612 239
283 63
749 804
23 1092
253 1093
102 1008
786 930
123 30
123 622
123 1094
150 596
9 1095
79 638
124 632
492 412
50 1096
32 13
72 27
866 913
89 21
1013 607
283 259
211 682
352 750
263 1097
150 1098
79 1099
79 461
291 1100
300 298
300 1101
200 539
531 663
356 72
293 1102
180 731
492 163
167 1103
807 1104
70 978
89 1105
575 1106
283 1107
211 1108
468 286
253 1109
862 436
202 201
0 751
293 731
800 121
197 304
70 967
158 610
261 519
123 686
150 644
15 301
91 17
91 75
380 871
4 1110
32 1111
77 574
687 1112
756 532
437 479
190 527
94 293
266 1113
211 1114
126 1115
150 1116
133 284
398 1117
76 1118
202 795
531 854
293 1119
492 730
167 1120
72 551
708 251
612 607
150 164
79 1121
291 686
531 821
0 1122
91 1123
124 1091
49 494
167 1124
307 1102
457 663
543 920
437 857
30 1125
109 857
135 1014
123 1126
123 72
123 1096
150 895
231 482
77 628
77 109
197 431
70 1127
756 222
66 1128
94 631
2 565
37 1129
814 1130
102 1131
102 617
490 1109
123 739
79 1132
171 137
212 259
457 1133
283 1084
45 1134
211 482
37 1135
495 1136
389 1137
1138 1139
263 652
150 565
291 825
200 427
0 628
713 219
1140 885
756 746
136 494
94 1141
266 735
37 71
112 1142
83 1143
336 1144
150 865
564 222
4 1145
226 1079
371 1146
49 357
212 5
756 494
332 1147
543 357
154 1148
422 1149
309 1063
79 579
531 119
195 1150
49 1151
77 610
575 1091
283 562
30 1152
126 1153
126 1154
28 1155
9 446
202 1156
202 595
531 252
183 1157
183 244
500 384
77 804
756 286
756 1158
72 750
1159 804
66 1160
37 1161
253 51
253 686
352 1162
668 751
9 548
174 1163
862 320
531 593
180 959
395 1046
800 1037
687 1164
212 222
866 1165
2 63
2 573
422 1166
862 642
531 183
11 357
180 533
4 1167
171 668
197 625
756 1168
89 419
45 13
462 731
123 1169
123 1170
9 1171
79 265
195 1172
180 1173
180 966
226 1174
89 368
89 849
204 885
144 1175
495 642
352 310
9 950
76 1051
197 1176
756 913
756 541
266 353
37 1177
109 1178
126 434
102 1179
245 994
161 1091
528 117
123 1120
386 320
200 660
91 1089
118 777
32 1071
756 932
472 289
866 1159
136 95
190 1180
45 1181
462 313
123 682
79 586
91 976
124 861
50 620
32 1031
136 1182
437 627
158 454
569 1046
102 349
79 383
133 1183
291 502
77 57
167 750
197 967
197 534
756 642
708 1041
154 546
94 63
94 1184
37 982
126 1185
123 320
150 799
28 1186
133 1187
128 1109
200 1188
756 595
204 1071
283 21
45 1189
468 878
468 1190
495 1191
814 1192
309 686
161 1193
133 534
49 913
32 1194
613 1195
72 1196
266 541
45 875
23 1091
498 912
569 1197
83 1031
245 938
261 1059
123 1198
15 1159
200 419
226 578
395 75
197 1199
197 1200
136 1201
136 652
136 565
437 463
266 1202
109 815
498 1203
123 1204
263 534
150 994
9 1186
133 940
128 1205
15 534
180 980
50 1206
1140 954
70 533
764 1093
786 1207
123 1208
79 1209
15 1210
202 888
531 95
180 1200
49 1077
687 930
94 1211
641 146
37 1212
23 1213
443 366
245 731
786 248
202 1214
202 1215
395 587
50 1216
283 258
238 353
109 629
126 1217
150 27
9 638
291 1051
293 1218
91 1219
74 290
32 571
77 1131
613 1220
756 1221
307 907
158 1
66 1222
37 951
126 656
786 1223
150 1224
150 366
133 871
291 1176
291 1062
202 359
226 129
89 267
204 1225
708 1056
749 825
94 366
97 144
495 1226
352 668
150 394
9 968
291 656
200 994
180 676
582 691
395 1227
50 249
50 1228
77 1051
687 854
212 893
72 501
332 824
136 363
437 1229
30 981
2 484
109 1091
443 1230
102 854
352 1231
1232 994
133 857
398 803
531 358
180 1233
4 959
613 388
332 1234
136 13
283 1235
30 1071
389 1236
814 1237
569 1238
102 1239
123 1240
150 1241
150 1225
28 367
291 1242
398 1243
1244 306
846 572
293 1144
4 666
77 1221
756 909
136 27
204 10
204 1093
30 1146
30 1245
94 1246
37 1247
462 778
23 121
1248 908
309 1131
309 481
490 587
352 357
891 751
261 1061
123 1228
123 414
150 626
9 1155
133 48
862 313
200 61
202 267
202 1115
202 427
180 1249
50 860
756 481
72 1015
94 888
462 698
462 510
498 1025
569 1192
123 1250
123 1251
150 486
150 303
28 1252
128 122
145 292
200 1253
131 520
564 1254
11 1255
1085 518
167 1256
613 612
154 920
2 1131
2 494
468 222
23 1257
498 1046
126 1107
309 1258
752 695
352 835
352 1259
9 388
56 51
846 198
50 1260
197 292
136 222
47 1261
708 1091
283 1262
437 198
112 566
386 1192
174 527
862 558
713 801
564 1156
74 1056
49 119
136 859
334 793
283 527
437 1200
309 6
490 290
352 801
28 1263
531 1264
564 546
1140 384
72 357
764 629
309 63
161 144
133 1265
200 563
531 1197
846 946
118 514
4 1266
226 144
500 897
77 1086
204 244
283 1267
94 331
752 1152
83 992
150 1268
79 582
1269 573
356 556
356 748
50 617
500 835
756 1270
756 996
756 1271
437 586
437 510
495 397
112 871
443 1115
309 920
291 619
174 430
202 1107
202 799
624 286
582 871
1272 314
50 1273
1085 691
613 793
613 1274
212 189
72 1079
47 230
116 129
66 977
2 895
468 1221
443 1205
309 746
309 1275
490 1276
245 1096
352 1277
352 313
123 1192
564 63
1278 1279
89 366
47 1152
422 871
752 982
150 532
9 1280
291 1281
291 1282
202 644
202 188
531 542
4 565
94 1077
126 628
245 1283
123 1284
123 104
202 563
202 636
202 1285
531 1286
846 1039
713 728
226 1287
226 454
74 1288
212 542
756 134
283 1289
154 1290
863 520
28 1101
28 265
28 985
133 1291
133 37
293 596
11 1079
32 1276
72 508
283 1292
94 325
109 1293
443 1294
752 1123
891 520
202 1295
180 978
49 507
77 861
197 761
756 889
283 1214
94 525
309 1033
150 1275
202 913
91 63
49 427
197 1296
756 1297
89 1298
47 611
283 189
437 698
94 1299
94 1300
468 799
468 1301
123 1302
123 210
200 930
564 427
11 551
180 510
77 481
437 778
1159 518
238 350
200 503
200 357
1259 1303
226 1071
613 1304
70 1305
89 532
116 551
154 580
94 119
23 1306
245 626
863 267
9 420
291 698
76 628
202 1165
202 497
531 668
0 649
131 1307
212 1308
89 63
154 134
2 932
37 1309
23 1310
245 1311
352 557
123 793
123 313
150 663
133 751
291 1059
291 946
200 652
200 63
202 189
91 1302
4 815
226 557
500 956
77 585
283 611
94 145
94 577
462 733
309 895
102 532
133 429
200 1084
531 1
802 1312
77 871
756 1241
1159 1166
112 684
126 1151
668 824
862 1109
200 1313
202 1314
89 610
136 577
283 1063
1159 1220
150 533
32 259
77 690
77 394
2231 2232
197 584
197 1008
136 1315
47 531
47 851
708 994
490 104
83 1159
150 888
145 266
531 895
77 427
197 1316
94 1138
309 1221
309 527
123 1317
133 1318
291 1222
291 1319
128 1320
202 727
1259 46
212 784
72 591
866 331
136 1077
283 913
66 1321
309 682
309 735
102 527
150 1322
11 1323
180 586
77 1182
77 1324
204 1287
708 728
283 856
94 1156
37 1325
261 1326
261 106
150 610
150 1327
200 1328
4 730
4 1329
226 587
226 1225
500 982
89 821
307 731
307 1330
158 995
468 427
309 711
102 976
150 1331
531 1332
49 784
197 1333
47 55
334 1096
283 1334
437 249
37 1335
112 507
569 1336
253 8
123 267
150 1337
9 1101
291 812
291 897
531 1089
226 663
50 698
77 201
70 1200
332 733
136 1338
136 1107
307 824
283 1339
764 1152
123 357
56 1041
386 587
118 1340
118 825
50 1341
332 875
136 611
283 486
94 524
309 503
150 934
7 189
202 527
356 290
91 117
171 1342
50 1316
500 824
49 394
32 739
197 1343
283 359
154 1344
94 539
495 1345
495 129
309 539
56 714
7 10
531 1346
91 1131
171 1347
1159 977
94 353
94 879
462 1348
495 900
352 1349
150 353
291 967
200 849
202 1350
293 962
713 557
171 1305
197 698
70 1061
204 822
1159 682
37 1051
23 1351
253 164
309 663
83 164
531 539
91 1170
582 21
50 627
32 507
167 1352
70 618
204 1178
23 1197
422 149
490 578
668 666
123 587
150 913
150 1353
356 1354
624 518
492 801
50 801
50 1284
47 1355
47 1221
47 1356
283 1357
154 1358
154 550
468 1359
495 551
9 1360
200 1131
200 1221
1361 353
226 397
77 246
47 1015
47 910
47 527
708 363
309 266
56 1062
174 1362
200 577
1363 93
226 1364
50 25
32 1365
77 663
89 799
89 1366
94 1367
266 244
150 981
28 1360
7 331
862 824
624 24
89 1131
238 339
309 1368
309 617
863 1193
150 75
150 1109
28 582
9 1369
128 65
50 121
74 994
77 587
72 1302
472 1236
136 821
47 799
283 563
283 1370
283 1092
66 486
238 112
28 1095
28 405
1371 336
7 1109
1278 1372
197 946
1373 217
437 967
238 134
112 701
309 725
123 1374
531 1375
91 546
197 731
283 920
158 65
94 644
94 251
266 129
764 1130
468 916
863 293
123 1376
200 1116
564 731
49 606
332 1377
89 1332
283 1378
752 966
123 1
9 1379
56 728
174 61
202 1380
356 750
77 751
866 481
89 1381
708 629
708 1382
283 770
158 1205
94 681
739 69
238 196
23 1383
253 320
352 1124
863 607
28 1384
128 1231
128 163
200 1299
492 628
77 819
212 525
72 1185
89 1385
204 502
94 1368
94 1159
495 518
28 1029
128 1194
293 1192
171 642
50 502
167 7
332 690
136 976
94 1386
309 620
28 950
76 585
200 388
200 1387
531 1388
492 584
212 799
70 966
307 1389
334 463
37 1390
128 1391
564 663
1278 1392
77 1049
212 1246
70 1393
136 46
136 1394
283 1395
462 994
422 1124
309 1396
102 856
261 580
150 1397
9 523
7 290
200 1346
202 1398
531 1158
50 824
212 926
332 642
283 1295
437 1102
66 1399
94 913
266 642
468 1400
752 1401
668 695
123 193
123 1049
49 849
167 627
72 955
112 1102
490 821
83 663
123 681
9 1183
9 1402
128 1009
398 1403
131 1404
564 399
564 366
492 793
72 1375
1159 1051
266 913
37 1405
37 1406
102 494
752 1174
123 954
531 1407
32 1408
32 683
77 1303
204 189
47 962
437 551
37 184
309 1303
309 1409
261 1410
386 824
386 627
531 746
118 1086
492 1411
197 167
197 919
136 1412
204 897
94 996
94 1413
94 1414
150 1415
9 1405
89 1416
47 594
334 824
437 533
94 565
37 1417
309 1418
668 1123
9 1419
564 1221
492 1205
32 482
77 611
72 1287
332 444
238 16
468 1420
123 1009
123 1421
123 551
200 642
200 481
171 134
500 411
77 746
70 106
283 119
437 617
94 1422
462 1062
309 1077
386 1423
862 163
200 251
202 1024
11 1424
74 1425
802 1426
89 1427
89 1109
334 885
891 691
123 1305
76 13
386 1174
202 1428
131 1429
171 1430
77 1290
212 481
89 859
437 414
266 628
37 897
309 878
128 1174
862 929
564 426
500 875
74 1061
77 1431
212 494
72 92
708 692
116 1432
116 627
764 1192
23 1433
309 1434
668 1049
9 429
128 507
386 1435
1436 1283
713 270
226 435
49 1115
49 773
1085 266
283 1422
468 1437
422 550
752 750
200 1395
202 1301
1438 552
74 1439
77 731
197 510
197 627
72 331
204 210
204 411
422 751
28 1132
202 283
1363 92
293 193
50 1352
167 1440
212 1441
89 1151
112 1324
309 366
102 682
891 1442
123 690
200 1182
500 397
32 210
32 384
197 567
197 210
72 1376
136 1267
204 1443
468 1444
490 434
352 1216
891 1231
9 206
118 57
564 419
167 244
89 592
283 1445
37 914
102 586
123 1446
28 1447
9 143
862 290
862 1194
226 1377
72 1368
89 1448
136 770
283 1449
283 1450
94 873
266 1451
764 825
468 1014
309 419
309 781
309 358
352 967
862 1365
1452 15
171 929
50 1071
50 106
74 592
77 799
77 146
212 258
158 210
1159 1453
94 434
37 1454
309 201
490 320
490 1455
668 320
28 37
200 1327
4 415
74 1115
212 1221
72 1096
89 1456
283 888
309 1457
123 1443
128 962
131 149
131 539
564 1131
4 1458
492 1459
70 510
1159 1070
94 1313
94 849
94 895
764 1071
83 871
28 1028
128 621
386 1015
7 622
131 1460
564 1
1461 723
1462 465
171 162
50 244
72 1091
89 1463
123 1464
28 700
9 260
74 1049
167 557
212 1131
37 173
495 451
253 695
309 1428
752 955
123 479
56 994
56 1091
7 65
7 462
862 1231
200 1465
200 1466
171 1015
1278 73
70 607
332 885
283 1467
309 494
123 430
28 1468
1244 1469
500 955
77 1118
204 1347
47 26
708 644
253 42
668 1012
200 888
72 1260
1470 193
204 1471
1159 292
94 1214
495 507
495 431
102 301
293 581
1461 350
4 1472
197 1273
89 358
94 484
37 1473
462 1091
102 1380
123 459
123 1260
356 129
118 308
171 1420
500 801
197 533
212 1190
332 518
204 38
47 1474
334 581
437 621
1475 620
495 681
495 1352
28 420
1476 291
7 821
11 1477
492 618
1085 766
283 267
437 1075
116 164
1159 644
468 913
495 571
352 621
9 637
564 1168
500 421
1085 1144
332 654
437 421
123 508
131 745
1461 196
624 1096
500 61
47 397
708 700
283 1478
437 825
94 1479
37 886
123 1480
28 944
7 1359
293 627
118 1481
131 1069
1361 644
32 42
77 1045
167 1079
283 1020
437 1059
94 1482
123 555
11 810
226 1192
167 1037
204 1483
708 1484
1159 520
94 75
495 1152
668 793
123 290
1244 1485
11 681
624 1002
4 1486
171 591
77 996
212 870
332 1079
89 188
102 607
123 571
7 366
862 164
564 1431
564 889
89 1487
94 1332
309 877
752 65
668 1007
123 875
128 532
131 871
4 649
226 1093
50 1070
49 1190
70 879
708 774
283 134
462 206
253 1194
128 1376
118 1046
11 1446
1259 598
171 1096
171 1488
1489 1490
334 1491
283 799
158 1196
37 740
495 750
112 1049
309 1262
309 117
102 520
490 1049
28 1
28 1171
862 666
200 1492
293 1205
1058 936
50 1061
437 946
764 1069
37 1493
102 888
490 1494
352 1079
131 728
624 1037
212 913
212 1334
764 1495
764 551
1496 735
123 1108
1497 214
50 628
77 913
212 1498
283 996
283 95
116 1499
238 1500
37 684
112 1501
102 481
668 801
9 473
356 1502
171 1503
212 1359
72 285
204 875
334 1440
283 1504
238 465
37 1505
253 801
123 254
56 363
200 746
624 766
492 1488
74 507
197 1506
70 946
89 1507
89 1375
708 848
283 1115
94 1084
112 313
102 1305
490 591
352 431
386 1508
624 700
50 1008
32 885
89 1509
253 621
83 895
171 954
1438 187
332 739
283 932
283 1510
116 534
94 427
94 1441
309 1511
309 259
752 1096
123 502
128 1512
293 436
131 1513
50 1514
50 825
70 778
283 301
283 709
112 475
309 1515
490 1037
352 436
293 1336
131 1283
624 1516
72 496
89 16
204 1517
283 1518
283 1412
158 598
112 617
123 10
28 579
9 818
50 1174
49 1303
332 218
94 419
309 1297
50 1287
500 417
332 959
708 296
116 1519
764 1355
462 1127
495 1520
102 293
28 1521
7 1522
50 444
167 1520
334 967
309 143
123 1523
1259 57
171 825
74 1524
49 484
212 1290
72 739
204 1525
204 1079
112 632
1526 804
386 1352
356 596
32 1
332 1483
283 525
437 1305
764 1174
7 1079
50 1130
32 5
197 420
212 930
204 1527
204 627
437 1528
437 587
309 1529
309 1530
752 444
123 1531
9 1532
7 1334
713 353
713 48
1497 269
492 861
1533 644
74 320
49 1441
802 571
89 1214
37 1534
253 1079
309 1358
352 134
123 619
128 1365
492 1535
171 558
171 1536
50 1440
167 1349
283 1044
283 1093
752 1537
352 683
9 1132
226 482
50 875
332 1015
283 894
283 1538
462 825
752 793
28 1539
386 1540
293 824
713 871
564 1541
332 1542
94 21
1130 400
490 1238
352 368
123 467
386 1238
862 885
564 1358
564 16
492 47
50 567
212 234
212 1197
37 161
462 535
28 1543
28 192
9 582
386 101
492 1293
70 497
72 571
89 1133
641 763
309 611
356 1544
564 110
50 1545
283 1434
253 1546
309 996
9 1547
56 1548
56 825
862 1548
49 524
89 486
94 1253
352 1549
123 1115
123 1075
128 320
293 519
492 1550
50 1551
197 1552
70 1553
495 1554
7 431
32 414
72 421
1555 214
204 1012
283 1027
345 203
345 840
94 1556
495 106
352 571
352 266
128 851
386 430
564 1030
32 1096
212 6
204 1549
204 1557
283 1375
283 481
309 1350
309 1558
123 1352
28 1559
9 1560
9 1561
128 1276
128 415
972 965
204 1562
283 1563
94 1107
94 507
238 222
280 481
7 596
492 1391
226 954
70 1321
332 1551
94 1564
238 1565
238 1566
309 75
490 621
386 1096
500 225
32 1017
197 1567
197 1216
204 384
94 1568
1569 1570
171 44
49 1253
332 1002
1571 1116
238 380
37 1572
462 533
9 829
7 1276
171 677
332 587
253 1152
309 189
752 1234
28 1573
128 1096
862 1420
49 668
332 810
89 932
89 1574
334 431
283 1575
764 1294
495 1576
83 412
352 5
352 778
128 1420
1577 746
1461 1150
226 1069
50 956
197 1578
89 1579
283 1409
37 1580
462 1552
495 1041
309 1156
9 1581
862 1275
564 542
50 1576
49 541
167 1191
197 617
212 1582
89 1413
283 1583
345 1584
462 1585
309 1586
83 1587
352 1152
123 1017
123 1588
398 1426
713 587
171 779
500 30
373 550
197 618
37 1589
490 596
352 567
386 690
564 920
2237 2238
49 1523
2231 2230
197 1590
764 668
253 431
123 956
9 1591
226 430
283 1592
37 1444
309 1504
356 8
131 44
49 1165
197 1593
70 1594
72 1131
1470 691
238 818
309 1595
309 1596
123 720
123 1069
713 959
131 1597
1598 223
49 1246
212 1254
334 1599
283 165
1600 763
280 854
495 16
9 37
7 258
356 508
564 1311
50 591
89 541
764 1096
37 1050
462 1548
123 1130
713 691
226 1601
50 520
283 1602
158 1092
1600 507
37 1603
253 434
28 468
862 27
1278 149
32 642
32 1225
89 8
334 1015
437 1604
490 665
123 1514
123 1605
1363 873
50 1305
500 1147
212 1030
204 225
437 1552
437 1443
158 1109
490 1606
28 1607
128 1124
128 1608
564 1609
50 411
72 415
334 1610
283 1433
283 1611
462 977
462 1131
309 1612
490 1131
9 1613
1569 1051
56 286
1361 494
1361 1197
283 1165
437 1237
1571 1192
1614 871
238 402
309 1322
123 1615
123 966
1616 1275
56 350
564 1109
50 510
1555 1617
89 527
334 1455
116 666
94 192
37 999
280 316
352 463
123 1618
50 1275
167 1423
332 1130
238 331
309 1619
352 518
28 1620
564 1566
226 1621
167 320
197 1220
89 394
204 1622
334 313
437 1623
462 966
309 826
490 793
123 1435
123 1196
128 929
1624 336
171 1625
197 143
116 871
94 594
309 1084
123 822
9 1626
7 259
356 824
167 481
89 1325
89 1233
238 95
1130 1627
123 1628
123 1102
398 1629
1244 1144
7 642
862 508
564 524
564 494
972 293
49 1154
167 851
1248 331
490 1420
1244 872
56 625
131 1102
564 709
1278 982
32 1205
238 584
238 727
1526 1166
1526 793
9 554
398 1630
56 684
862 298
131 1305
197 1173
641 607
356 259
1361 715
167 65
197 1310
332 346
89 1631
204 444
334 695
283 565
238 557
495 436
1248 1215
253 1015
309 1632
123 591
28 1633
56 1634
386 1007
1361 117
72 811
89 1635
94 409
123 347
9 383
713 731
226 1094
197 1636
89 251
116 617
1571 1234
123 1637
1569 681
1638 518
1624 777
32 1109
437 1194
116 1639
739 1144
1363 1149
171 6
50 1108
49 1138
32 962
167 121
72 313
89 611
89 125
462 1092
386 962
7 1049
356 557
1640 690
49 1498
204 1275
253 496
352 320
28 1641
128 1642
128 1196
1643 162
167 1644
283 1645
94 384
238 539
238 320
37 1646
37 1647
495 270
309 1648
490 1353
28 1649
9 1029
1371 700
1616 801
862 42
862 106
713 700
564 486
171 1588
500 347
72 1650
238 610
238 577
1130 1651
123 162
9 1652
1363 1039
564 996
334 1009
283 1653
437 555
309 1654
352 397
28 1655
386 765
7 427
564 1656
171 1012
171 1174
32 266
116 1127
253 677
1657 871
56 629
49 563
116 1200
158 1658
352 270
123 1659
1638 1124
862 129
713 363
564 1660
564 1395
171 1196
50 665
49 1334
167 286
462 416
309 1165
83 981
123 1661
1371 1311
128 1662
386 1446
7 481
564 251
171 1071
283 1663
238 1214
495 184
123 1002
123 1664
28 1665
1616 1071
862 1666
49 1014
32 682
197 1667
197 1127
72 1668
72 1280
158 1551
238 773
495 695
490 571
123 1669
123 1670
226 642
500 1275
167 1009
204 936
1571 962
490 1495
83 1437
123 1610
123 1671
28 1672
226 1449
1643 666
49 1107
49 1063
94 357
238 895
495 1673
490 1234
1526 824
9 1674
386 1200
32 467
72 1675
334 1174
37 1676
309 827
9 1677
564 1290
49 926
32 857
283 1077
437 357
123 1678
123 1234
9 1679
9 823
128 1012
386 831
862 1523
171 353
197 1680
116 1365
158 1303
37 1222
495 187
28 21
398 1681
1616 1352
386 1341
7 1044
564 1173
437 353
37 1682
352 578
28 1231
128 497
564 1450
226 690
1643 1174
167 1661
89 165
238 1193
238 1411
238 357
37 1683
309 1684
28 1685
564 145
226 1015
500 1668
32 591
373 118
89 1262
437 1686
437 1687
238 936
309 1307
123 1688
28 1689
50 793
49 1690
1278 84
197 1691
197 1061
72 931
72 417
89 1692
94 1693
238 1694
238 781
495 677
490 720
490 101
352 8
123 542
128 1107
56 923
167 459
197 1695
89 222
437 1008
238 611
490 42
123 1555
123 481
9 1696
386 1147
862 1009
131 308
131 1087
226 1697
49 201
197 1080
334 1698
116 1282
37 1699
37 1700
128 1650
862 959
32 1012
167 43
89 1701
238 617
7 571
1624 831
500 1234
116 1551
490 610
83 13
1526 320
352 1015
564 1222
1640 956
500 1702
167 508
94 1014
253 1174
253 1147
490 1111
1624 1703
356 366
334 5
253 910
490 555
1526 1260
352 254
9 1028
7 121
131 895
171 295
9 226
1616 1287
56 1046
386 1704
7 893
1624 700
50 1705
89 1706
37 1707
37 1708
309 854
7 1181
356 270
1640 587
171 1709
50 1007
500 1710
72 163
495 104
309 1093
9 106
398 895
1624 1144
1624 1042
356 1124
131 1166
1640 1152
50 1368
49 1564
334 1588
94 1711
123 1387
226 1317
50 1192
1278 501
167 801
158 118
158 1049
1571 1495
7 1352
862 1341
1643 555
500 1622
32 6
197 1712
253 1302
490 695
490 690
123 376
1624 644
167 1610
89 1713
238 910
309 1714
123 1715
28 383
128 931
171 42
50 1143
197 1716
72 695
89 1515
37 949
32 1174
197 1717
89 961
89 976
334 1130
309 1394
123 444
1624 1340
50 281
437 1169
94 1292
128 663
386 1071
356 1440
89 353
116 885
238 1184
9 1521
226 1169
226 8
1640 1137
72 1459
89 542
116 1305
309 1718
352 1059
352 1109
123 1513
7 1246
131 1719
226 1181
437 888
158 954
238 1720
238 1721
83 994
352 1225
128 779
226 1408
226 415
1643 1079
49 1367
253 875
123 1336
9 1722
128 1723
56 618
56 959
1640 591
500 591
49 1131
49 1413
253 1608
83 954
123 1724
123 1725
123 1726
7 478
7 606
862 677
49 481
197 978
490 497
490 10
56 388
386 415
7 320
171 784
32 1287
334 30
437 966
116 695
352 520
1371 728
386 1355
171 357
72 1420
437 1273
238 1332
309 1727
490 1728
56 1729
862 1061
171 739
197 1730
334 1109
1571 1444
238 1731
495 497
123 1732
123 1238
9 1733
386 982
500 654
116 1109
94 328
123 665
1371 1046
1616 384
1640 1294
500 431
49 562
89 145
89 1734
437 1283
158 357
131 1735
171 1009
50 1661
49 812
437 834
437 962
490 857
352 551
356 695
50 946
500 1327
32 811
72 677
116 149
158 286
123 1294
1640 520
116 479
238 1433
490 1736
83 210
1526 384
352 1610
131 577
197 1737
89 1027
123 1738
1371 730
386 106
32 397
238 434
490 1739
352 1740
9 1411
128 1741
7 1124
226 1096
167 431
72 824
94 839
238 8
9 1252
226 1102
50 1009
167 1678
1571 1094
83 996
56 692
1640 445
1643 587
49 1197
72 1440
437 1514
123 1174
123 1507
128 436
56 1380
7 934
32 617
197 1742
334 1102
158 6
83 913
83 1241
123 1207
9 1384
1371 57
226 878
167 1435
437 618
495 1743
862 10
50 1251
197 1062
89 1434
334 510
158 875
352 1191
123 1551
386 444
862 463
226 1341
1643 824
197 1321
238 877
352 27
123 597
7 5
500 368
49 1299
167 668
72 1744
334 1745
352 1746
9 1747
128 642
226 1741
500 373
9 1655
356 1109
158 1231
386 1748
334 671
334 444
352 956
862 1193
1278 320
89 1254
123 1749
7 222
167 1698
50 163
253 1704
226 535
862 1750
356 1007
50 30
89 1751
50 1094
89 1752
1616 1400
50 430
158 739
32 501
1526 1275
116 1753
490 259
862 875
72 810
123 1745
386 1754
197 1306
123 977
89 1422
49 1275
116 167
356 810
1571 1755
123 1756
72 434
500 1174
334 1352
83 1166
158 436
9 1209
437 620
352 1368
386 508
437 1538
167 793
128 1071
386 1757
7 1400
226 982
9 1291
123 163
94 1450
238 1628
495 1355
128 1368
437 1758
89 550
9 1759
490 970
386 970
352 875
83 1044
1643 962
94 781
32 1231
56 960
1643 320
94 1124
398 571
56 1193
1278 270
56 907
500 550
356 431
123 356
123 1275
352 594
7 1077
56 848
128 1760
437 1092
116 497
49 709
500 281
1526 885
94 859
123 1420
89 1431
334 1147
128 366
123 1761
398 445
56 636
500 1455
167 1260
7 494
238 1327
356 1762
334 485
83 1347
123 1092
89 1763
123 1197
500 1764
56 1765
49 1766
862 244
167 1540
9 24
128 296
226 1767
495 47
123 1152
1616 1015
32 875
7 1420
398 877
334 162
72 1768
50 1349
89 820
72 1769
398 644
7 1770
495 801
123 1771
9 199
862 1772
89 1200
9 1773
72 1456
386 1294
352 885
386 910
334 347
158 106
352 1455
128 793
128 824
437 1710
167 163
386 1628
495 995
9 515
1643 508
167 1514
94 1387
89 1412
72 1741
49 929
7 347
1278 824
50 1423
83 1596
116 1774
83 481
56 1775
32 1347
1526 1234
94 1566
386 162
116 715
226 1593
352 508
50 1002
32 1192
352 811
72 431
238 1027
356 496
49 258
7 558
32 347
72 198
72 1776
437 1777
89 826
226 1
334 1287
1526 875
398 1778
1278 1275
500 910
386 793
72 1092
49 1779
238 1020
32 121
1616 106
56 264
500 1192
352 1557
437 1567
49 1780
123 1781
356 47
50 1782
334 475
386 1542
50 1237
89 1783
862 121
1643 295
7 916
123 7
226 1237
334 1240
398 1116
437 417
89 201
123 1784
123 885
386 1260
352 1303
9 461
128 520
1526 411
334 1261
437 865
128 1275
72 1009
386 1191
72 1341
56 1785
386 810
123 1114
128 1786
398 821
7 929
238 1045
352 465
9 1121
9 436
50 534
9 1787
167 1668
32 593
9 1281
386 885
500 1352
94 124
83 1534
128 414
167 1503
49 1513
49 821
500 1149
7 1705
89 1714
334 578
437 1756
32 51
89 1295
226 1531
89 1788
238 1151
89 1556
50 1459
123 1200
7 695
352 1302
398 1789
356 1790
500 163
352 1287
352 954
1643 665
9 897
49 888
352 1166
500 1791
56 746
437 50
49 870
386 739
356 1792
1616 415
50 1200
1526 30
128 801
238 819
167 695
123 946
49 1215
123 745
500 1059
226 620
1616 225
123 1793
128 1191
89 729
238 562
226 1748
1616 359
56 1794
9 1685
7 779
50 428
32 1353
128 313
9 1607
89 259
123 1283
386 1790
500 1795
158 587
437 1306
123 1796
437 1231
32 1191
1616 962
83 631
500 428
1616 591
226 1726
32 1797
158 683
7 151
158 994
123 1798
238 1799
226 851
72 1251
437 897
72 1174
1278 1800
1643 1767
7 1190
386 1801
128 695
1643 801
167 1107
1526 1698
32 1275
49 1802
352 122
167 1012
89 1803
167 865
352 363
49 1804
500 496
72 1071
83 621
7 1805
89 1806
49 586
72 5
9 1807
128 1808
49 1809
238 394
226 1234
32 666
437 997
50 418
32 496
352 1096
352 1435
226 520
352 47
9 886
128 27
89 1810
123 1350
32 497
49 1811
123 627
7 542
50 463
1278 1231
89 1231
1643 1152
83 1770
123 1812
9 1813
1526 298
500 618
167 897
89 1814
352 721
167 1815
89 1816
1526 1012
72 509
32 1817
167 1792
72 851
123 1237
83 431
226 1240
500 851
437 733
49 633
72 1408
9 120
89 1818
123 1819
116 1434
352 1352
116 1820
83 907
9 1821
50 1822
352 384
123 877
72 1576
123 1754
167 1823
89 1824
83 877
352 1294
9 232
167 663
7 895
49 1825
352 1826
1278 793
226 720
226 1551
128 955
128 1827
1526 1444
83 1014
50 1698
167 331
158 1031
226 1483
7 286
9 625
437 745
49 1828
437 1610
7 824
32 1829
1526 1007
352 1031
1278 557
437 1310
123 1644
116 1193
352 346
500 317
500 149
9 1830
1643 851
32 1320
7 773
72 104
1643 1704
50 1240
226 1831
9 1832
49 1281
352 1769
128 496
123 336
72 463
500 1409
7 1408
226 465
9 1833
500 1009
9 771
72 1349
50 865
500 167
9 1265
83 751
1643 421
72 1834
123 1835
1526 1401
7 1009
49 293
50 1234
72 557
128 61
226 1745
72 1455
167 1836
123 865
158 1714
437 281
500 1446
1278 479
32 1837
72 1228
158 955
158 1240
123 1621
158 1192
352 1365
128 739
167 496
167 666
226 1368
123 1538
500 415
7 1838
167 1551
437 1069
352 417
83 1839
1526 1435
437 1347
7 1610
437 1840
158 1420
32 417
9 1473
1643 408
32 106
352 1488
437 1749
9 1841
128 1093
352 210
32 1260
128 331
72 1842
9 1843
49 1504
1278 1240
1643 663
50 1844
437 1845
226 824
128 1102
437 1846
1643 291
158 1079
83 865
50 479
123 1181
500 156
83 910
123 1847
7 1520
49 1848
1526 1131
1278 1002
128 430
1278 1849
437 1850
226 508
50 1124
123 1851
1643 481
50 895
500 811
123 1840
7 1197
7 784
49 1030
352 1205
158 144
1526 956
123 1815
72 1605
500 1852
167 879
1526 1284
50 982
83 1045
32 415
1643 682
83 363
352 1347
500 1853
352 686
7 241
9 1035
128 1520
128 1854
128 956
128 1222
128 1552
128 1193
128 1855
128 654
128 1856
128 298
128 1857
128 1858
128 254
128 1859
128 1860
128 1861
128 1440
128 7
128 563
128 175
128 878
128 1481
128 1862
128 1610
128 1744
128 1767
128 1761
128 479
128 810
128 1863
128 1666
128 1836
128 1408
128 1301
128 541
128 169
128 671
128 1864
128 1169
128 1865
128 555
128 1866
128 1108
128 198
128 1867
128 1353
128 1014
128 301
128 1449
128 1868
128 1869
128 717
128 593
128 431
128 270
128 285
128 683
128 1740
128 1870
128 1871
128 1872
128 653
128 1264
128 1873
128 1874
128 1875
128 1061
128 1137
128 1876
128 1877
128 1797
128 1678
128 1878
128 1618
128 822
128 954
128 1181
128 690
128 292
128 765
128 1879
128 447
128 1548
128 1793
128 1294
128 8
128 501
128 1229
128 1880
128 1881
128 1389
128 610
128 1769
128 357
128 1555
128 587
128 1882
128 834
128 596
128 720
128 1661
128 1704
128 677
128 1883
128 347
128 1746
128 1059
128 1668
128 1302
128 1884
128 1885
128 47
128 1284
128 434
128 631
128 1886
128 1531
128 1838
128 1887
128 444
128 1888
128 508
128 1015
128 1152
128 1549
128 1889
128 101
128 408
128 30
128 772
128 982
128 467
128 1605
128 1890
128 482
128 1798
128 1234
128 44
128 1161
128 970
128 1557
128 312
128 1738
128 686
128 967
128 966
128 106
128 510
128 1075
128 617
128 1364
128 682
128 1540
128 462
128 13
128 1726
128 1251
128 1308
128 1891
128 1792
128 1892
128 525
128 875
128 1063
128 1893
128 1037
128 1079
128 633
128 1158
128 1894
128 821
128 1197
128 684
128 1754
128 1130
128 1143
128 1200
128 1895
128 1846
128 1387
128 422
128 1840
128 384
128 1896
128 656
128 1770
128 1336
128 1897
128 1834
128 1435
128 421
128 435
128 1898
128 666
128 1899
128 1094
128 1900
128 1901
128 1341
128 557
128 411
128 1621
128 1784
128 1455
128 241
128 1902
128 1903
128 668
128 926
128 1715
1904 1905
1904 1906
76 1155
76 1907
1476 1908
254 1909
254 550
254 1910
254 1911
254 1912
516 1913
145 1914
386 1915
386 954
7 1815
7 1193
7 1440
7 1916
7 1115
7 621
7 1353
7 1206
7 497
7 1214
7 1087
7 677
7 1437
7 955
7 793
7 1444
7 865
7 509
7 1917
7 1918
7 471
7 959
7 1808
7 1792
7 48
7 1507
7 1130
7 1143
7 1200
7 1349
7 1435
7 1784
311 1061
311 1249
174 1293
174 1249
174 1919
174 1906
220 1920
15 1250
15 1774
862 1921
202 1578
202 1922
202 779
602 78
0 1146
0 1923
0 1249
0 1924
0 1906
195 1925
341 1926
293 1927
91 1501
91 1328
118 1928
118 1433
364 1087
180 1578
180 1929
180 1146
180 1930
180 1689
180 1587
180 864
180 887
582 1931
582 1932
582 887
301 1933
301 1906
349 1934
349 1906
349 1935
4 1936
4 1937
4 1938
4 1939
492 1940
492 1941
226 977
226 1698
226 1012
226 1942
226 1179
226 555
226 1866
226 621
226 301
226 5
226 1871
226 1365
226 854
226 1943
226 1919
226 1944
226 1746
226 1302
226 570
226 1152
226 1261
226 1605
226 466
226 266
226 1251
226 1754
226 527
226 1675
226 1756
1598 1945
1598 1906
547 1919
67 1946
67 1314
395 887
322 1947
1643 1948
1643 1007
1643 1107
1643 1009
1643 835
1643 1628
1643 1949
1643 1012
1643 430
1643 1950
1643 1868
1643 163
1643 459
1643 1459
1643 1951
1643 1952
1643 50
1643 1044
1643 1137
1643 1953
1643 954
1643 1166
1643 1954
1643 690
1643 292
1643 1433
1643 1955
1643 1332
1643 720
1643 677
1643 831
1643 1668
1643 1885
1643 1956
1643 750
1643 1102
1643 1368
1643 1240
1643 1957
1643 414
1643 244
1643 1588
1643 1015
1643 910
1643 1069
1643 101
1643 38
1643 61
1643 982
1643 376
1643 1234
1643 1421
1643 970
1643 266
1643 1238
1643 1958
1643 698
1643 533
1643 397
1643 1540
1643 121
1643 317
1643 1808
1643 737
1643 1893
1643 1959
1643 1790
1643 1960
1643 1435
1643 591
1643 527
1643 1523
1643 432
1643 1961
171 1962
171 919
50 1963
50 1815
50 1964
50 1855
50 298
50 1355
50 578
50 810
50 1012
50 363
50 1836
50 1942
50 1842
50 1965
50 1542
50 415
50 1966
50 1967
50 1153
50 1968
50 1969
50 1166
50 1970
50 1971
50 765
50 1972
50 1741
50 587
50 980
50 1446
50 47
50 750
50 294
50 1973
50 667
50 885
50 910
50 1152
50 851
50 1261
50 970
50 1974
50 778
50 966
50 1739
50 1079
50 384
50 1336
50 1975
50 666
50 214
50 43
50 1976
50 1977
50 1756
500 1222
500 535
500 1287
500 1978
500 479
500 1301
500 124
500 555
500 198
500 1979
500 593
500 1513
500 1741
500 596
500 1480
500 218
500 38
500 533
500 502
500 1980
500 432
500 1784
74 1981
74 1982
74 1983
74 1984
49 1967
1278 1985
1278 956
1278 654
1278 1012
1278 695
1278 1797
1278 1147
1278 1166
1278 1986
1278 1741
1278 366
1278 1205
1278 47
1278 1368
1278 885
1278 1152
1278 1549
1278 1238
1278 317
1278 1336
1278 1109
1140 1987
1140 1988
32 1495
32 956
32 1815
32 581
32 1659
32 977
32 1193
32 1791
32 1989
32 1698
32 1990
32 1857
32 254
32 1009
32 516
32 835
32 1991
32 1992
32 1993
32 1551
32 1862
32 1994
32 1610
32 1744
32 1995
32 1996
32 1812
32 1190
32 1997
32 479
32 810
32 1998
32 363
32 430
32 1836
32 1749
32 440
32 671
32 1999
32 1170
32 555
32 1866
32 267
32 1108
32 198
32 1115
32 2000
32 2001
32 281
32 717
32 2002
32 163
32 1503
32 285
32 2003
32 2004
32 1459
32 2005
32 2006
32 1823
32 1871
32 494
32 2007
32 1114
32 1178
32 225
32 1391
32 95
32 2008
32 2009
32 2010
32 1330
32 1420
32 1541
32 822
32 618
32 1753
32 368
32 954
32 2011
32 1181
32 690
32 292
32 1527
32 2012
32 2013
32 1786
32 10
32 2014
32 1046
32 1793
32 2015
32 1688
32 879
32 1741
32 1400
32 1762
32 587
32 1228
32 2016
32 1819
32 997
32 720
32 1661
32 1704
32 2017
32 2018
32 677
32 2019
32 2020
32 1564
32 1746
32 1059
32 1668
32 1446
32 1092
32 47
32 1757
32 1658
32 1368
32 1284
32 434
32 1327
32 2021
32 129
32 949
32 865
32 1480
32 1838
32 444
32 2022
32 1724
32 1796
32 667
32 154
32 1623
32 1488
32 508
32 143
32 1015
32 1152
32 663
32 851
32 1549
32 1889
32 218
32 144
32 408
32 38
32 326
32 27
32 61
32 346
32 2023
32 982
32 2024
32 2025
32 1608
32 1445
32 376
32 1890
32 2026
32 1234
32 1161
32 1557
32 2027
32 1723
32 778
32 1305
32 313
32 534
32 510
32 825
32 779
32 533
32 627
32 502
32 1540
32 96
32 1251
32 1308
32 1808
32 1891
32 2028
32 1835
32 2029
32 1049
32 48
32 1063
32 1893
32 1037
32 1079
32 2030
32 1894
32 1105
32 1507
32 1375
32 1197
32 684
32 1754
32 1130
32 2031
32 1200
32 1387
32 217
32 656
32 1349
32 622
32 1336
32 1834
32 2032
32 421
32 2033
32 2034
32 2035
32 527
32 2036
32 2037
32 2038
32 2039
32 1094
32 213
32 1341
32 2040
32 411
32 122
32 43
32 336
32 1443
32 1745
32 84
32 1756
32 668
32 926
32 551
32 1782
32 295
77 1375
167 2041
167 1501
167 1249
167 2042
807 1945
2043 2044
212 124
70 944
70 2041
70 2045
70 1249
70 22
756 2046
756 2047
72 2048
72 2049
72 1304
72 1431
72 654
72 1007
72 254
72 145
72 1861
72 65
72 835
72 1991
72 1748
72 439
72 1996
72 1374
72 91
72 430
72 2050
72 2051
72 2052
72 2053
72 1002
72 1999
72 1520
72 532
72 40
72 124
72 1865
72 555
72 1542
72 1868
72 1869
72 2054
72 380
72 1503
72 296
72 270
72 1740
72 1192
72 1871
72 1872
72 1691
72 2055
72 1044
72 2056
72 2057
72 2058
72 2010
72 2059
72 1181
72 1771
72 1425
72 167
72 765
72 2013
72 1673
72 1089
72 8
72 2060
72 366
72 1811
72 1020
72 2061
72 63
72 1819
72 1538
72 934
72 252
72 783
72 347
72 1746
72 1059
72 1124
72 1446
72 47
72 1483
72 1444
72 1284
72 1327
72 865
72 444
72 414
72 910
72 1152
72 30
72 326
72 2062
72 2063
72 1608
72 1890
72 1234
72 1491
72 266
72 1738
72 2064
72 586
72 967
72 617
72 397
72 1809
72 1540
72 1808
72 2028
72 1792
72 525
72 1063
72 1894
72 684
72 1754
72 1130
72 2065
72 1790
72 1498
72 962
72 1336
72 2033
72 2034
72 2066
72 1899
72 2067
72 2068
72 122
72 336
72 84
72 1423
72 1782
72 1133
72 291
472 2069
472 207
472 2070
472 167
472 2071
472 887
1470 2072
1470 376
866 2073
332 1459
332 2074
89 2075
526 2058
136 1249
136 1906
136 1447
575 1249
575 1906
1060 2044
708 2076
68 2077
68 1906
68 1448
283 2078
283 2079
283 1249
283 2080
437 790
437 1374
437 1671
437 2081
437 1433
437 2082
437 1661
437 2083
437 2036
116 2084
116 2085
116 117
116 2086
116 2087
116 1968
116 1310
116 651
116 2088
116 1229
116 1205
116 2089
116 2090
116 2091
154 2092
154 2045
158 2093
158 1495
158 1948
158 1815
158 907
158 1567
158 1007
158 2094
158 1628
158 168
158 2095
158 810
158 1012
158 363
158 1666
158 73
158 1131
158 1749
158 555
158 251
158 198
158 507
158 2096
158 1456
158 1174
158 163
158 593
158 459
158 296
158 5
158 1729
158 1051
158 1459
158 628
158 1823
158 1871
158 636
158 249
158 1091
158 1056
158 2097
158 801
158 225
158 95
158 1352
158 1797
158 824
158 1678
158 1330
158 1365
158 1969
158 1062
158 1181
158 1045
158 167
158 2098
158 10
158 1793
158 1400
158 1020
158 1228
158 1538
158 720
158 793
158 1668
158 427
158 2099
158 1124
158 1446
158 47
158 1191
158 1483
158 1083
158 2021
158 865
158 929
158 1531
158 1838
158 1796
158 1662
158 508
158 1152
158 1071
158 851
158 156
158 42
158 326
158 44
158 2100
158 586
158 534
158 733
158 825
158 682
158 1540
158 936
158 13
158 781
158 1037
158 1297
158 1194
158 1200
158 895
158 1347
158 384
158 656
158 622
158 1435
158 1341
158 21
158 1784
158 1237
158 1443
158 511
158 1423
158 1455
158 1728
158 1756
158 2101
289 1146
144 548
66 2102
66 1293
66 2103
66 550
66 2104
66 2105
66 2106
66 1127
66 2107
66 2108
339 2109
94 2110
94 267
1600 2111
641 2112
641 2113
238 766
238 1436
266 134
266 2114
266 1927
266 2115
266 1077
359 1578
359 2032
764 2104
764 2116
840 336
37 1910
37 2117
37 2118
343 2119
121 2120
121 1149
121 2121
121 1641
468 2122
468 2074
495 2123
495 1919
109 1910
109 1852
305 751
23 1162
23 1777
23 2124
23 2125
23 2126
23 942
23 1448
112 2127
112 2128
112 1293
112 700
112 2129
112 1919
112 2130
112 1375
443 2131
100 165
1130 1927
1138 2132
126 2133
1033 2134
34 2135
458 926
253 610
253 2136
253 821
253 1959
309 2137
309 2138
309 2041
309 2139
309 1146
309 1967
309 2140
309 2141
309 848
309 887
309 2142
102 2143
102 2074
102 339
102 1901
752 2144
1164 1906
271 2145
490 125
83 644
83 1144
83 286
83 1091
83 1352
83 746
83 690
83 2146
83 587
83 2147
83 2062
83 825
83 1297
245 2148
245 42
1526 1815
1526 907
1526 2149
1526 654
1526 1009
1526 1862
1526 2150
1526 479
1526 1666
1526 555
1526 819
1526 281
1526 1174
1526 296
1526 1872
1526 801
1526 225
1526 1642
1526 629
1526 1181
1526 1087
1526 197
1526 1389
1526 1228
1526 1819
1526 1538
1526 596
1526 2151
1526 1446
1526 1092
1526 47
1526 1096
1526 2152
1526 2153
1526 244
1526 508
1526 1015
1526 101
1526 42
1526 189
1526 617
1526 1540
1526 13
1526 317
1526 1079
1526 684
1526 1130
1526 1980
1526 1336
1526 1834
1526 2154
1526 2033
1526 2036
1526 2155
1526 1423
2156 1920
352 1494
352 2157
352 1495
352 450
352 1222
352 1815
352 2158
352 1622
352 1007
352 298
352 453
352 1009
352 1325
352 1440
352 65
352 2159
352 175
352 193
352 1017
352 1628
352 1551
352 1829
352 2150
352 1767
352 1644
352 2160
352 2161
352 810
352 1671
352 1012
352 2162
352 1863
352 485
352 1666
352 2163
352 541
352 1002
352 1520
352 2164
352 40
352 2165
352 1865
352 555
352 1779
352 198
352 1867
352 1542
352 1174
352 163
352 1514
352 593
352 459
352 1503
352 286
352 475
352 1051
352 2004
352 1459
352 1192
352 2166
352 1413
352 2097
352 2167
352 1178
352 225
352 1391
352 95
352 2168
352 2008
352 1490
352 2009
352 1420
352 1147
352 2169
352 2059
352 2170
352 1968
352 1969
352 925
352 900
352 1954
352 746
352 1181
352 690
352 2171
352 2172
352 1971
352 765
352 558
352 2013
352 2173
352 1434
352 2174
352 1822
352 1741
352 1255
352 610
352 1400
352 366
352 2175
352 2176
352 587
352 1228
352 2177
352 2178
352 834
352 720
352 1704
352 831
352 1944
352 1590
352 955
352 2179
352 1668
352 2180
352 1483
352 1275
352 929
352 1531
352 1838
352 444
352 2181
352 1240
352 1776
352 667
352 414
352 2182
352 496
352 244
352 1662
352 6
352 804
352 910
352 851
352 1069
352 101
352 144
352 81
352 38
352 30
352 326
352 376
352 482
352 739
352 387
352 1234
352 44
352 1421
352 2183
352 1238
352 586
352 946
352 733
352 825
352 1093
352 533
352 682
352 936
352 121
352 13
352 1726
352 96
352 1251
352 645
352 725
352 1143
352 962
352 1336
352 620
352 421
352 2184
352 1650
352 758
352 1523
352 2185
352 1341
352 1784
352 1237
352 336
352 1976
352 1260
352 1196
352 295
161 1906
161 1901
161 2186
863 212
1232 2187
1232 275
135 116
135 1984
261 2188
668 2189
668 643
668 887
123 2190
123 2191
123 1698
123 2192
123 2193
123 2194
123 2195
123 2196
123 1947
123 2197
123 2198
123 1775
123 874
123 482
123 2089
123 778
123 567
123 194
123 2186
338 1149
150 2199
150 2200
150 2201
28 284
9 644
9 1649
9 2202
9 2203
9 2204
9 1231
9 2205
9 1115
9 1620
9 228
9 2206
9 1589
9 2207
9 1263
9 2208
9 2209
9 940
9 2210
9 2211
9 612
9 2212
9 1573
9 1417
9 1468
9 586
9 468
9 48
9 109
9 2213
9 1076
9 2214
9 864
9 758
9 21
9 2215
9 1447
9 2216
79 644
79 1212
133 766
133 1906
133 1774
133 735
291 2044
291 1209
