161 162
161 163
162 164
163 165
163 164
164 166
164 167
164 168
164 169
164 170
164 171
164 172
164 173
164 174
173 175
173 176
174 180
176 177
176 178
176 179
180 181
180 182
180 183
180 184
227 228
228 229
228 230
228 231
228 232
247 248
249 250
201 202
202 203
202 204
202 205
202 206
202 207
202 208
202 209
202 210
202 211
202 212
202 213
202 214
202 215
251 252
253 254
255 256
258 257
233 234
234 235
234 236
234 237
259 260
261 262
0 1
0 2
0 3
0 4
0 5
0 6
6 7
6 8
7 9
8 10
10 11
10 12
10 13
10 14
10 15
10 16
10 17
10 18
10 19
10 20
10 21
10 22
10 23
10 24
10 25
14 26
21 27
24 27
24 28
24 29
24 30
25 37
25 38
25 39
25 40
26 41
26 42
26 43
26 44
26 45
26 46
26 47
26 48
26 49
26 50
26 51
26 52
26 53
26 54
26 55
26 56
26 57
26 58
26 59
26 60
26 61
26 62
26 63
26 64
26 65
26 66
26 67
26 68
27 31
27 32
27 33
27 34
27 35
29 36
30 58
30 59
30 90
30 94
30 95
30 96
30 97
30 98
30 99
30 100
30 101
30 102
30 103
30 104
30 105
51 69
59 70
59 71
59 61
60 72
61 73
61 74
61 75
61 72
62 73
62 72
63 73
64 73
64 72
65 73
66 73
67 76
67 77
67 78
67 79
67 80
68 81
68 82
68 83
68 84
68 85
68 86
68 87
68 73
90 72
90 73
101 106
102 107
102 108
72 92
72 93
73 88
73 89
73 91
106 109
185 186
186 187
186 188
187 189
188 189
188 190
188 191
188 192
188 193
188 194
188 195
188 196
188 197
188 198
196 199
197 199
198 199
199 200
243 244
244 245
244 246
263 264
265 266
267 268
269 270
271 272
273 274
275 276
277 278
238 239
239 240
239 241
241 242
279 280
281 282
283 284
286 285
287 288
289 290
216 217
216 218
216 219
216 220
216 221
216 222
216 223
216 224
216 225
216 226
145 146
145 147
145 148
145 149
145 150
145 151
145 152
145 153
145 154
145 155
145 156
145 157
145 158
145 159
145 160
145 110
145 111
145 112
145 113
145 114
145 115
145 116
145 117
145 118
145 119
145 120
145 121
145 122
145 123
145 124
145 125
145 126
145 127
145 128
146 129
150 130
155 131
156 131
156 132
121 133
129 134
129 135
129 136
129 137
129 138
129 139
131 142
132 143
133 140
143 144
140 141
