0 1
0 2
1 358
697 698
698 699
3 4
4 188
760 761
702 700
5 6
5 7
5 8
5 9
5 10
7 51
7 244
11 12
11 13
13 19
13 22
13 24
13 30
13 32
13 35
13 39
13 51
13 84
13 171
13 211
13 280
13 282
13 283
13 284
13 285
13 303
13 309
13 344
13 358
13 359
13 360
13 361
13 362
13 363
13 364
13 365
13 366
13 367
13 368
13 369
13 370
13 371
13 372
13 373
13 374
13 375
13 376
13 377
13 378
636 637
637 641
638 637
638 639
610 611
610 612
612 613
612 614
612 615
612 616
14 15
14 16
14 17
15 524
18 13
18 19
18 20
18 21
18 22
18 23
18 24
18 25
18 26
18 27
18 28
18 29
18 30
18 31
18 32
18 33
18 34
18 35
18 36
18 37
18 38
18 39
19 22
19 32
19 84
19 153
19 476
19 477
19 478
19 479
19 480
20 13
20 19
20 22
20 23
20 31
20 32
20 33
20 38
20 90
20 125
20 240
20 241
20 242
22 35
22 242
22 591
23 13
23 22
23 30
23 37
23 39
23 163
23 208
23 242
23 314
23 315
23 316
24 19
24 22
24 23
24 31
24 32
24 33
24 35
24 38
24 467
24 468
24 469
27 159
27 255
27 459
27 460
28 345
29 289
29 290
30 19
30 22
30 29
30 32
30 33
30 37
30 38
30 39
30 83
30 84
30 191
30 207
30 208
30 321
30 344
30 389
30 390
31 539
32 22
32 29
32 31
32 35
32 38
32 82
32 159
32 409
32 530
33 13
33 19
33 22
33 23
33 28
33 31
33 32
33 37
33 38
33 39
33 84
33 481
34 20
34 114
34 115
35 23
36 38
36 153
36 157
36 179
37 13
37 22
37 26
37 27
37 31
37 32
37 35
37 159
37 160
37 254
38 13
38 19
38 21
38 22
38 23
38 26
38 27
38 28
38 35
38 37
38 39
38 65
38 66
38 78
38 152
38 153
38 154
38 155
38 156
38 157
38 158
38 159
38 160
38 161
38 162
38 163
38 164
38 165
38 166
38 167
38 168
39 3
39 4
39 22
39 31
39 32
39 37
39 83
39 253
39 300
39 359
39 409
39 410
39 411
648 649
648 650
40 41
40 42
41 42
41 218
41 264
42 254
43 44
44 13
44 18
44 195
44 201
44 280
44 541
44 542
44 580
44 581
44 582
45 46
45 47
45 48
45 49
47 414
48 136
48 150
48 225
48 226
48 227
48 228
48 229
704 705
705 703
50 51
50 52
51 52
51 246
53 54
54 13
54 594
762 763
673 674
765 764
55 19
613 617
613 618
56 57
56 58
57 58
59 60
59 61
59 62
59 63
64 65
64 66
66 65
66 392
67 32
706 707
706 708
68 38
68 69
68 70
68 71
68 72
68 73
68 74
68 75
68 76
68 77
68 78
68 79
69 72
69 535
70 69
70 72
70 76
71 72
72 73
72 300
72 320
72 409
73 38
73 69
73 70
73 75
73 76
73 233
74 37
74 69
74 70
74 72
74 76
75 70
75 76
75 268
75 269
77 30
77 140
77 182
77 362
77 389
77 405
77 454
78 3
78 4
78 13
78 73
78 75
78 76
78 188
78 246
78 253
78 254
78 255
78 296
78 413
79 3
79 4
79 37
79 38
79 39
79 70
79 72
79 73
79 75
79 76
79 78
79 125
79 233
79 234
79 235
80 81
81 96
82 13
82 19
82 39
82 83
82 84
82 85
84 22
84 39
84 183
84 191
84 323
84 390
84 547
84 548
766 767
768 769
770 771
772 773
86 87
87 192
87 466
88 13
88 20
88 29
88 34
88 39
88 89
88 90
88 91
90 189
92 93
93 109
93 110
94 95
95 24
95 35
95 38
95 82
95 117
97 98
97 99
97 100
97 101
97 102
97 103
98 559
100 571
101 107
101 556
102 499
104 38
104 105
106 107
106 108
110 109
110 144
110 146
110 311
110 352
774 775
111 13
111 112
710 711
710 709
711 709
113 13
113 39
776 777
114 78
114 159
116 23
118 119
118 120
119 103
119 294
120 103
121 19
712 713
712 714
713 714
122 123
122 124
122 125
778 779
126 127
126 128
126 129
126 130
126 131
126 132
126 133
127 129
127 130
127 133
127 146
127 270
127 271
128 127
128 132
128 133
128 145
128 271
129 132
129 146
130 311
131 127
131 128
131 129
131 130
131 132
131 133
131 145
131 146
131 270
131 271
132 109
132 110
132 127
132 130
132 133
132 144
132 145
132 146
132 193
132 229
132 271
132 307
132 308
132 309
132 310
132 311
132 312
132 313
133 271
133 432
133 440
134 48
135 48
135 136
135 137
135 138
136 49
136 188
136 238
136 243
136 244
136 245
136 246
137 38
137 48
137 51
137 452
138 192
138 515
139 22
139 140
141 28
141 142
653 654
653 655
143 109
143 110
143 127
143 131
143 132
143 144
143 145
143 146
144 109
144 311
145 133
145 271
145 311
145 352
145 432
146 109
146 311
147 38
148 39
678 679
679 680
715 716
715 717
780 781
149 150
782 783
151 65
152 318
152 606
153 157
156 251
159 74
159 78
159 79
159 162
159 253
159 254
159 255
160 147
160 153
161 158
162 27
162 37
162 78
162 188
162 246
162 255
163 30
163 208
163 314
165 178
166 13
166 192
166 280
166 281
166 282
166 283
166 284
166 285
167 152
167 322
168 156
168 251
168 252
619 620
619 621
169 136
170 171
171 536
171 537
171 538
172 173
174 175
175 134
718 719
718 720
176 177
176 178
176 179
178 38
178 39
178 125
179 38
179 246
179 260
179 261
179 262
179 263
180 33
181 3
721 722
722 723
182 84
182 183
183 206
184 185
186 137
187 73
187 78
187 188
187 189
187 190
188 51
188 114
188 253
188 255
188 372
189 73
189 188
189 296
190 188
191 13
191 22
191 32
191 192
191 193
192 13
192 30
192 84
192 207
192 344
192 345
193 22
193 390
194 172
194 173
194 195
194 196
194 197
194 198
196 235
197 323
198 81
198 215
198 267
199 200
199 201
200 201
202 203
202 204
203 272
204 203
204 500
726 724
724 725
205 13
206 30
206 83
206 84
206 192
206 207
206 208
207 84
208 19
208 191
208 390
209 28
209 31
210 211
210 212
211 507
784 785
213 20
214 106
214 107
214 215
214 216
216 374
216 397
216 462
216 463
217 41
217 218
218 572
219 38
219 160
219 220
220 160
220 585
220 586
221 13
221 52
222 23
222 223
222 224
224 243
681 682
681 683
681 684
229 188
229 327
229 357
230 13
230 231
231 137
231 445
232 200
233 272
235 36
235 39
235 78
235 152
235 153
235 157
235 159
235 167
235 233
235 318
235 319
235 320
235 321
235 322
236 61
236 127
237 22
237 35
237 70
237 188
237 238
238 78
238 188
239 13
243 188
244 162
245 4
246 188
246 255
727 728
728 729
247 83
248 249
248 250
250 249
250 380
250 553
253 38
253 254
253 492
256 13
256 18
256 23
256 24
256 36
256 37
256 38
256 39
256 257
258 208
259 13
259 33
259 216
786 787
658 659
788 789
265 51
266 13
642 643
642 644
642 645
642 646
643 644
643 645
643 646
644 645
644 646
646 645
268 13
268 99
268 224
268 238
268 282
268 294
268 354
268 373
268 496
268 497
269 38
269 72
269 254
270 129
270 271
271 129
272 96
273 39
790 791
730 731
730 732
274 275
274 276
274 277
276 35
276 501
276 502
278 204
279 243
280 283
280 359
280 402
286 218
287 288
288 179
290 289
291 23
291 163
292 293
293 408
793 792
295 73
295 78
295 79
295 132
295 189
295 296
295 297
298 72
299 300
299 301
300 304
300 305
794 795
302 256
302 303
303 39
303 256
303 523
304 7
304 13
304 173
304 375
796 797
306 39
307 129
307 146
308 131
311 109
315 163
315 182
315 280
315 282
315 291
315 314
315 428
316 83
317 229
320 167
320 276
321 29
321 39
321 85
321 153
321 157
321 410
321 492
321 545
321 551
321 552
324 325
325 427
326 327
327 73
327 179
327 246
327 506
656 653
656 657
798 799
328 13
329 250
329 330
330 250
331 238
332 203
332 238
332 333
332 334
332 335
332 336
332 337
332 338
332 339
332 340
332 341
332 342
339 101
340 172
343 246
344 84
346 7
346 347
346 348
346 349
346 350
349 528
660 661
351 84
353 84
354 355
356 70
357 317
361 18
361 555
361 556
362 374
362 398
362 399
362 403
362 404
362 405
363 394
364 39
364 41
365 7
365 564
368 583
368 584
369 393
369 475
372 84
374 70
374 213
374 244
374 398
374 399
374 403
374 463
374 531
374 532
374 533
374 534
376 368
735 733
800 801
379 250
379 380
381 22
381 382
381 383
383 22
384 385
386 148
386 387
388 353
736 737
736 738
803 802
391 24
804 805
393 250
622 621
622 623
622 624
622 625
622 626
622 627
395 303
396 22
396 48
396 137
396 140
628 629
628 630
628 631
631 629
631 630
631 635
397 362
397 374
397 398
397 399
399 398
739 740
740 741
400 401
404 374
404 397
404 398
404 399
405 374
405 399
405 404
406 111
407 188
806 807
408 437
685 686
686 687
686 688
411 30
411 238
411 422
412 31
412 39
412 125
412 300
412 409
663 664
663 665
663 666
663 667
413 35
414 415
742 743
743 744
416 408
745 746
745 747
746 747
417 48
417 159
418 17
418 185
418 375
419 112
419 420
734 733
421 30
421 231
422 70
422 238
423 267
423 380
424 425
425 196
425 525
425 526
640 639
668 669
669 671
669 672
808 809
426 339
427 550
428 37
810 811
429 20
812 813
689 690
689 691
690 692
691 690
430 431
814 815
662 659
662 661
433 168
433 195
434 321
816 817
435 181
436 48
436 156
436 276
670 668
670 669
438 151
818 819
439 173
439 401
820 821
441 442
441 443
443 253
443 470
443 471
444 412
446 447
447 39
448 179
677 678
449 56
449 238
449 427
449 450
449 451
450 241
450 293
822 823
453 201
455 150
455 456
455 457
458 27
458 459
458 460
461 73
461 78
461 179
461 188
461 246
464 465
465 237
466 555
824 825
744 742
826 827
828 829
632 631
472 341
633 634
634 629
634 631
688 685
473 474
647 644
701 700
482 61
483 18
483 294
483 484
483 485
483 486
483 487
488 201
489 199
489 201
489 453
489 474
489 490
491 374
830 831
493 20
493 82
493 83
493 128
494 495
495 179
495 187
498 81
748 749
748 750
741 739
503 374
503 397
504 178
504 505
506 300
506 331
506 542
506 545
506 546
508 509
509 25
832 833
510 112
510 216
510 341
510 430
510 511
510 512
510 513
510 514
510 515
510 516
510 517
510 518
510 519
510 520
510 521
510 522
694 695
694 696
527 137
834 835
836 837
838 839
841 840
529 200
529 399
529 430
529 515
842 843
540 44
540 541
540 542
543 22
543 544
545 22
549 65
751 752
751 753
844 845
554 322
557 468
558 474
846 847
848 849
850 851
560 32
560 253
561 474
562 380
563 384
852 853
565 94
565 107
565 111
565 112
565 117
565 375
565 566
565 567
565 568
565 569
570 48
570 150
573 515
573 574
575 474
576 125
577 196
577 380
577 578
577 579
854 855
585 160
587 54
588 203
588 589
589 137
590 568
651 648
651 649
651 652
856 857
754 755
754 756
592 189
592 326
592 593
759 757
675 676
676 674
758 757
858 859
595 185
595 267
595 468
860 861
693 694
693 695
693 696
596 132
862 863
864 865
866 867
597 173
597 215
597 598
599 7
600 488
600 601
600 602
600 603
868 869
870 871
872 873
604 237
605 237
605 604
607 380
608 196
608 204
608 379
608 380
608 385
608 609
